#Menlo Systems GmbH 2009 - Comb Watch v0.9.6
#Measurement from 6.4.2021.
#Begin of the measurement: 15:47:28, 56848 sec after midnight.
#Add 804430048 to get the time since 0:00 of 10th Oct. 1995 = MJD 50000 in seconds.
#
#C0:	timestamp
#C1:	reprate.freq	The actual repetition rate of the comb (calculated from counter0)	Hz
#C2:	offset.freq	Offset beat frequency (see counter1)	Hz	20000000	10
#C3:	counter2.signal	Signal strength of counter channel 2 input	V
#C4:	counter3.freq	Counter channel 3 frequency	Hz
#
#S0:	4
#Statistics settings
#S1:	250334155.75	0.005
#S2:	20000000	10
#S3:	#
#S4:	#
#
#timestamp	#reprate.freq	#offset.freq	#counter2.signal	#counter3.freq
0	250334155.7495	19999999.07	0.264893	515669.004000008
0.998402118682861	250334155.75	20000000.021	0.263672	514730.017999947
1.99680399894714	250334155.7495	20000000.188	0.264893	516483.982000053
2.99520611763	250334155.7505	20000000.956	0.262451	514782.027999997
3.99360704421997	250334155.7495	19999999.1010001	0.265503	516261.991999984
4.99200916290283	250334155.7495	20000000.3479999	0.263672	515797.996999979
6.00601100921631	250334155.75075	20000000.686	0.263672	515154.02000004
7.00441312789917	250334155.74975	19999999.7410001	0.264282	516325.986999989
8.00281405448914	250334155.75025	19999998.755	0.263062	514995.976000011
9.001216173172	250334155.74975	20000000.735	0.263062	515367.004999995
9.99961805343628	250334155.751	19999999.872	0.264282	516155.004000008
10.9980201721191	250334155.74925	20000000.106	0.263062	514322.014999986
11.9964210987091	250334155.7495	19999999.508	0.263062	514305.993999958
12.994823217392	250334155.75025	20000000.557	0.263062	514090.97300005
13.9932250976563	250334155.7505	19999999.317	0.263672	514933.034999967
14.9916272163391	250334155.74925	20000000.0669999	0.263062	513981.969000041
16.0056290626526	250334155.75075	20000001.9020001	0.261841	515326.020999968
17.0040299892426	250334155.74975	19999999.3429999	0.261841	512746.984000027
18.0024321079254	250334155.74925	19999999.628	0.261841	514374.023999989
19.0008339881897	250334155.75125	19999999.118	0.264282	513933.976999998
19.9992361068726	250334155.75	20000000.539	0.26062	513302.022000015
20.9976370334625	250334155.7505	20000001.226	0.26062	514046.97299999
21.9960391521454	250334155.748	19999999.489	0.261231	512214.021999955
22.9944410324097	250334155.751	19999999.802	0.261841	513850.977000058
23.9928431510925	250334155.7505	19999999.15	0.26001	513285.048999965
24.9912440776825	250334155.75	20000000.433	0.261841	512794.928000033
26.0052461624146	250334155.74925	20000000.403	0.261231	513780.042999983
27.0036480426788	250334155.75075	19999999.02	0.26062	512767.001999974
28.0020501613617	250334155.74975	20000000.16	0.263062	512909.01700002
29.0004510879517	250334155.74925	20000000.643	0.261841	513205.957000017
29.9988532066345	250334155.75075	19999997.926	0.261841	512432.024999976
30.9972550868988	250334155.74975	20000001.991	0.261231	513299.990000009
31.9956572055817	250334155.75025	19999998.748	0.261841	514358.986999989
32.9940581321716	250334155.75	20000000.717	0.26062	513004.018999994
33.9924600124359	250334155.74925	20000000.308	0.26001	510930.003000021
35.006462097168	250334155.75025	19999999.433	0.261231	512098.967000008
36.0048642158508	250334155.75025	20000000.145	0.26001	511520.037
37.0032651424408	250334155.7505	20000000.143	0.2594	510871.023999989
38.0016670227051	250334155.74975	19999999.688	0.26062	511134.966000021
39.0000691413879	250334155.75	20000001.203	0.2594	510621.006999969
39.9984710216522	250334155.75	19999999.847	0.2594	510798.009000003
40.9968721866608	250334155.749	19999999.417	0.258789	510736.967000008
41.995274066925	250334155.75075	19999999.767	0.2594	508143.042999983
42.9936761856079	250334155.75	20000000.706	0.258179	509322.990000009
43.9920780658722	250334155.74925	19999999.692	0.258179	509396.984000027
45.0060791969299	250334155.7505	20000000.7440001	0.261231	508126.996999979
46.0044810771942	250334155.75025	19999998.971	0.2594	507695.986999989
47.0028831958771	250334155.74925	20000000.949	0.258179	509754.032000005
48.0012850761414	250334155.751	19999999.484	0.258179	508500.990999997
48.9996860027313	250334155.75	19999999.707	0.261231	509854.004999995
49.9980881214142	250334155.75	20000000.816	0.258789	507938.990999997
50.9964900016785	250334155.75	19999999.974	0.2594	510138.971000016
51.9948921203613	250334155.74875	19999999.34	0.258789	509304.038999975
52.9932940006256	250334155.75025	19999999.818	0.26001	508344.978000045
53.9916951656342	250334155.7515	20000000.0470001	0.258179	509731.001999974
55.0056970119476	250334155.75	20000000.114	0.26062	510776.989000022
56.0040991306305	250334155.74825	20000000.27	0.26062	511857.032999992
57.0025010108948	250334155.75	19999999.7440001	0.258179	509069.965999961
58.0009021759033	250334155.75125	19999999.9449999	0.263062	510490.029000044
58.9993040561676	250334155.749	20000000.107	0.258789	510465.973999977
59.9977061748505	250334155.75075	20000000.411	0.258789	509603.995000005
60.9961080551147	250334155.7505	19999999.207	0.2594	511246.024999976
61.9945092201233	250334155.74975	20000000.456	0.258789	511855.001000047
62.9929111003876	250334155.74975	20000000.3870001	0.26001	509740.021999955
64.0069131851196	250334155.7495	20000000.5239999	0.257568	510984.962000012
65.0053150653839	250334155.75025	19999998.1440001	0.257568	511531.023999989
66.0037159919739	250334155.75025	19999999.939	0.258789	509699.003000021
67.0021181106567	250334155.75075	19999999.957	0.2594	509930.013999999
68.000519990921	250334155.7495	20000001.37	0.2594	509827.957000017
68.9989221096039	250334155.75	19999999.2819999	0.2594	511480.007999957
69.9973230361938	250334155.75	20000001.5320001	0.258789	510329.040000022
70.9957251548767	250334155.749	19999998.0319999	0.26062	508739.981999993
71.994127035141	250334155.7505	20000000.279	0.2594	509818.949999988
72.9925291538239	250334155.75075	20000000.509	0.258789	508831.041999996
74.006530046463	250334155.74975	20000000.194	0.261841	509238.990000009
75.0049321651459	250334155.74925	20000000.379	0.258789	509412.018999994
76.0033340454102	250334155.7505	19999999.059	0.258179	508502.001000047
77.001736164093	250334155.74975	19999999.732	0.258179	508831.963
78.000137090683	250334155.7505	19999999.785	0.262451	508430.020999968
78.9985392093658	250334155.75025	20000000.796	0.258179	510632.003000021
79.9969410896301	250334155.74925	19999999.816	0.258179	507418.014999986
80.995343208313	250334155.7505	20000000.273	0.258179	509033.01700002
81.993744134903	250334155.74925	19999999.986	0.257568	506792.977999985
82.9921460151672	250334155.751	20000000.315	0.258179	508016.957000017
84.0061480998993	250334155.74925	19999999.7	0.26062	509399.074000001
85.0045502185822	250334155.75	20000000.215	0.257568	507309.987999976
86.0029511451721	250334155.74925	19999999.876	0.258789	508762.995000005
87.0013530254364	250334155.75125	19999998.907	0.257568	506632.995000005
87.9997551441193	250334155.75025	20000001.0520001	0.258179	507486.000999987
88.9981570243835	250334155.749	20000000.822	0.258179	507130.991999984
89.9965581893921	250334155.7505	19999998.951	0.258179	508404.980000019
90.9949600696564	250334155.7495	20000001.881	0.256348	507443.018000007
91.9933621883392	250334155.75075	19999998.778	0.257568	507243.961000025
93.0073640346527	250334155.7495	19999999.746	0.26001	505278.029999971
94.0057661533356	250334155.75075	20000000.306	0.257568	505187.007000029
95.0041670799255	250334155.7495	19999998.991	0.256958	507789.986000001
96.0025691986084	250334155.74975	19999999.652	0.257568	508995.969999969
97.0009710788727	250334155.75	20000000.233	0.261841	506998.018999994
97.9993731975555	250334155.74975	20000000.422	0.257568	507447.031000018
98.9977741241455	250334155.751	19999999.696	0.2594	506024.990000009
99.9961760044098	250334155.74975	20000001.179	0.257568	507399.963
100.994578123093	250334155.74975	19999998.067	0.256958	508148.02700001
101.992980003357	250334155.74975	20000000.97	0.256958	506968.004999995
103.006981134415	250334155.74975	19999999.9829999	0.256958	507078.020999968
104.005383014679	250334155.75025	20000000.536	0.256348	508131.967999995
105.003785133362	250334155.75	19999999.735	0.256958	506603
106.002187013626	250334155.75075	19999999.911	0.257568	506175.018999994
107.000588178635	250334155.74875	19999999.53	0.255127	506033.948000014
107.998990058899	250334155.75075	20000000.898	0.258179	506952.051999986
108.997392177582	250334155.75	19999999.2390001	0.256348	507189.998000026
109.995794057846	250334155.75075	20000000.5829999	0.258179	506536.006999969
110.994195222855	250334155.7495	20000000.469	0.256958	506628.976000011
111.992597103119	250334155.75025	19999999.421	0.256958	506846.032000005
113.006599187851	250334155.74925	19999999.3710001	0.256348	506784.985000014
114.005001068115	250334155.75075	20000001.283	0.256958	505783.000999987
115.003401994705	250334155.74925	19999998.824	0.256958	507660.947000027
116.001804113388	250334155.751	19999999.9319999	0.256348	505867.062999964
117.000205993652	250334155.7485	19999999.8820001	0.257568	506971.997000039
117.998608112335	250334155.75125	20000000.4829999	0.256958	506254.987999976
118.997009038925	250334155.74925	19999999.9100001	0.258179	506931.971000016
119.995411157608	250334155.75025	20000000.0799999	0.256958	506479.050999999
120.993813037872	250334155.7495	19999999.7850001	0.257568	505650.958000004
122.007815122604	250334155.75125	19999999.976	0.257568	505469.03399998
123.006216049194	250334155.7495	19999999.632	0.258179	506535.000999987
124.004618167877	250334155.75025	20000001.1800001	0.256958	506239.958000004
125.003020048141	250334155.7495	19999998.908	0.257568	506553.025000036
126.001422166824	250334155.75	20000001.741	0.257568	505799.991999984
126.999823093414	250334155.75	19999999.689	0.258789	505071.003000021
127.998225212097	250334155.74925	19999999.021	0.258179	506987.978999972
128.996627092361	250334155.751	20000001.017	0.256958	506176.052999973
129.995029211044	250334155.75075	19999997.9	0.258789	506881.975000024
130.993431091309	250334155.74775	20000001.955	0.257568	507494.001000047
132.007432222366	250334155.752	19999998.55	0.256958	506719.008999944
133.005834102631	250334155.75	20000000.413	0.257568	505651
134.004236221313	250334155.749	19999999.81	0.257568	508675.957000017
135.002638101578	250334155.75	19999999.577	0.257568	507374.07099998
136.001039028168	250334155.75025	20000000.1	0.257568	507329.968000054
136.999441146851	250334155.75	20000001.546	0.256958	506223.034999967
137.997843027115	250334155.74975	19999999.018	0.258179	506605.942999959
138.996245145798	250334155.75125	20000000.184	0.256958	507221.996999979
139.994646072388	250334155.748	19999999.946	0.258179	507924.013000011
140.993048191071	250334155.75075	20000000.3760001	0.257568	509180.98300004
142.007050037384	250334155.7505	19999999.233	0.255737	506730.034000039
143.005452156067	250334155.75025	20000000.095	0.258179	506999
144.003853082657	250334155.74975	20000000.185	0.256348	505447.985999942
145.00225520134	250334155.7505	20000001.136	0.26001	507073.975000024
146.000657081604	250334155.74875	19999999.51	0.256958	508258.062999964
146.999059200287	250334155.751	19999999.455	0.258179	507290.928000093
147.997460126877	250334155.7505	19999999.932	0.256348	505896.034999967
148.995862007141	250334155.74925	20000000.378	0.257568	507281.016000032
149.994264125824	250334155.74925	19999999.086	0.257568	507982.004999995
