#Menlo Systems GmbH 2009 - Comb Watch v0.9.6
#Measurement from 6.4.2021.
#Begin of the measurement: 16:03:21, 57801 sec after midnight.
#Add 804431001 to get the time since 0:00 of 10th Oct. 1995 = MJD 50000 in seconds.
#
#C0:	timestamp
#C1:	reprate.freq	The actual repetition rate of the comb (calculated from counter0)	Hz
#C2:	offset.freq	Offset beat frequency (see counter1)	Hz	20000000	10
#C3:	counter2.freq	Counter channel 2 frequency	Hz
#C4:	counter2.signal	Signal strength of counter channel 2 input	V
#
#S0:	4
#Statistics settings
#S1:	250245008.75	0.005
#S2:	20000000	10
#S3:	#
#S4:	#
#
#timestamp	#reprate.freq	#offset.freq	#counter2.freq	#counter2.signal
0	250245008.7495	19999999.968	26018281.6160001	0.255127
0.998401880264282	250245008.75025	20000000.441	26025893.686	0.256348
2.01240396499634	250245008.749	20000000.0429999	26017202.517	0.2594
3.0108060836792	250245008.75075	19999999.3590001	26014193.7000001	0.255127
4.00920701026917	250245008.7495	20000001.255	26020679.168	0.255737
5.00760889053345	250245008.75025	19999999.449	26002538.786	0.256958
6.00601100921631	250245008.75075	20000000.563	25983282.745	0.256958
7.00441288948059	250245008.74875	19999999.309	25998934.6789999	0.26001
8.00281405448914	250245008.751	19999999.854	25995012.7550001	0.256348
9.00121593475342	250245008.749	20000001.304	25993360.354	0.254517
9.99961805343628	250245008.75125	19999998.929	26004180.772	0.256348
10.9980199337006	250245008.74875	20000000.5369999	26011153.9480001	0.256348
12.0120210647583	250245008.7505	20000000.243	25996930.852	0.253906
13.0104229450226	250245008.7505	19999999.5880001	26024171.614	0.255127
14.0088250637054	250245008.74925	19999999.977	26022114.176	0.255737
15.0072269439697	250245008.74975	19999999.6129999	26033433.4909999	0.254517
16.0056278705597	250245008.75075	19999999.801	26048469.26	0.255127
17.0040299892426	250245008.75	20000000.4660001	26047515.712	0.255127
18.0024318695068	250245008.74975	20000000.326	26056626.395	0.255737
19.0008339881897	250245008.74925	19999998.8099999	26056646.709	0.255127
19.9992349147797	250245008.75125	20000000.411	26041241.439	0.258179
20.9976370334625	250245008.7495	20000000.75	26032753.249	0.255127
22.011638879776	250245008.75	20000000.5500001	26034868.14	0.253906
23.0100409984589	250245008.74975	19999999.433	26040798.618	0.254517
24.0084419250488	250245008.75025	20000000.191	26072770.216	0.255737
25.0068440437317	250245008.75025	19999999.557	26070192.666	0.255127
26.005245923996	250245008.74975	20000000.035	26063686.616	0.255127
27.0036480426788	250245008.74975	19999998.5319999	26067404.532	0.255127
28.0020489692688	250245008.75075	20000001.513	26047392.4	0.255737
29.0004510879517	250245008.74975	19999999.99	26039322.252	0.255737
29.9988529682159	250245008.75075	19999999.895	26030828.366	0.254517
31.012855052948	250245008.74875	19999998.809	26008706.953	0.255737
32.0112569332123	250245008.75025	20000001.025	26000406.338	0.255127
33.0096580982208	250245008.74975	20000000.106	25971798.838	0.254517
34.0080599784851	250245008.7505	19999999.439	25963929.297	0.254517
35.006462097168	250245008.74925	20000001.072	25943358.833	0.255127
36.0048639774323	250245008.75	19999999.522	25931669.206	0.252686
37.0032649040222	250245008.7505	19999999.822	25913627.327	0.252686
38.0016670227051	250245008.75025	20000000.585	25888132.8699999	0.256348
39.0000689029694	250245008.749	20000001.062	25882073.528	0.251465
39.9984710216522	250245008.751	19999997.765	25868898.345	0.252686
41.0124719142914	250245008.7505	20000000.158	25858376.3000001	0.252075
42.0108740329742	250245008.7485	20000000.062	25824226.494	0.253906
43.0092759132385	250245008.7515	20000000.945	25811939.704	0.250855
44.0076780319214	250245008.74925	20000000.236	25788187.274	0.250855
45.0060789585114	250245008.75	19999998.446	25765287.931	0.250855
46.0044810771942	250245008.74975	20000000.4640001	25752646.706	0.250244
47.0028829574585	250245008.75025	20000000.328	25745272.5189999	0.251465
48.0012850761414	250245008.7505	19999999.51	25734819.4790001	0.252075
48.9996860027313	250245008.75	20000000.514	25753083.65	0.250855
49.9980878829956	250245008.74975	20000000.808	25754746.109	0.250855
51.0120899677277	250245008.75025	19999997.637	25734276.687	0.252075
52.0104920864105	250245008.7495	20000001.993	25730647.692	0.250855
53.0088930130005	250245008.74925	19999999.659	25710710.092	0.249024
54.0072948932648	250245008.75075	20000000.896	25725077.073	0.250855
55.0056970119476	250245008.75075	19999998.969	25737086.739	0.250244
56.0040988922119	250245008.74925	20000001.286	25741121.525	0.250855
57.0025000572205	250245008.75025	19999999.5930001	25743108.5320001	0.249634
58.0009019374847	250245008.75075	19999999.573	25747468.742	0.249024
58.9993040561676	250245008.74875	19999998.734	25752954.344	0.251465
60.0133059024811	250245008.75025	20000000.6270001	25770104.537	0.252686
61.0117070674896	250245008.7495	20000000.589	25775144.266	0.250855
62.0101089477539	250245008.751	19999999.543	25776095.237	0.252075
63.0085110664368	250245008.749	19999999.423	25781050.809	0.252686
64.0069129467011	250245008.75	19999999.9170001	25782777.273	0.252075
65.005313873291	250245008.7505	20000001.0159999	25767005.586	0.251465
66.0037159919739	250245008.75	20000000.6060001	25793308.818	0.251465
67.0021178722382	250245008.75025	19999999.0899999	25796991.275	0.252075
68.000519990921	250245008.74925	20000000.6650001	25793610.218	0.255127
68.998920917511	250245008.751	19999999.3349999	25804611.654	0.250855
70.012923002243	250245008.74975	20000001.477	25820678.225	0.252075
71.0113248825073	250245008.7495	19999999.0220001	25834732.398	0.253296
72.0097270011902	250245008.7505	19999999.6999999	25846432.146	0.255737
73.0081288814545	250245008.75075	20000001.322	25838009.499	0.252075
74.006530046463	250245008.7495	19999998.909	25841466.858	0.254517
75.0049319267273	250245008.75	20000001.09	25857065.574	0.252075
76.0033340454102	250245008.75	19999999.523	25868399.509	0.250855
77.0017359256744	250245008.7495	20000000.451	25887686.022	0.252075
78.000137090683	250245008.7505	19999999.832	25878452.14	0.252686
78.9985389709473	250245008.75	19999999.9469999	25872889.024	0.252686
80.0125410556793	250245008.7495	19999999.1110001	25884181.513	0.251465
81.0109429359436	250245008.74975	20000001.587	25883782.406	0.252075
82.0093441009521	250245008.749	19999998.573	25869381.388	0.252075
83.0077459812164	250245008.75025	19999999.815	25859507.931	0.253296
84.0061480998993	250245008.75125	20000000.185	25859651.6190001	0.252686
85.0045499801636	250245008.74975	20000000.9	25850963.4159999	0.252686
86.0029509067535	250245008.75	19999998.855	25838451.603	0.252686
87.0013530254364	250245008.75	20000000.603	25847237.405	0.250244
87.9997549057007	250245008.74975	19999999.792	25824718.645	0.252075
89.0137569904327	250245008.75	19999999.963	25821972.47	0.252686
90.0121579170227	250245008.7505	20000000.088	25820571.358	0.252075
91.0105600357056	250245008.7505	20000000.601	25809814.5980001	0.250855
92.0089619159698	250245008.74875	19999998.933	25794724.568	0.251465
93.0073640346527	250245008.75025	20000001.084	25777741.296	0.250244
94.0057649612427	250245008.7505	20000000.183	25764486.059	0.250244
95.0041670799255	250245008.74975	20000000.146	25746943.9249999	0.249634
96.0025689601898	250245008.75	19999999.63	25736637.39	0.249634
97.0009710788727	250245008.75	20000000.232	25695175.8050001	0.249634
97.9993720054626	250245008.7505	19999999.685	25646232.535	0.248413
99.0133740901947	250245008.74975	19999999.521	25623815.74	0.246582
100.011775970459	250245008.74975	20000000.267	25585195.183	0.250244
101.010178089142	250245008.7495	19999999.552	25551517.038	0.247193
102.008579015732	250245008.7505	20000000.758	25517536.286	0.248413
103.006980895996	250245008.7505	19999999.527	25480056.706	0.249024
104.005383014679	250245008.74975	20000000.19	25473211.662	0.249634
105.003784894943	250245008.74925	20000000.054	25479958.198	0.250855
106.002186059952	250245008.75125	20000000.504	25490859.882	0.247193
107.000587940216	250245008.74975	19999999.477	25513796.903	0.249634
107.998990058899	250245008.75025	19999999.965	25531592.205	0.248413
109.012991905212	250245008.74925	20000000.159	25528686.619	0.249024
110.011394023895	250245008.7495	19999999.556	25544258.591	0.249024
111.009794950485	250245008.751	20000000.0140001	25551670.608	0.249634
112.008197069168	250245008.749	20000001.122	25542912.479	0.250244
113.006598949432	250245008.75025	19999999.0319999	25536976.945	0.247803
114.005001068115	250245008.75	20000000.067	25552785.346	0.248413
115.003401994705	250245008.74975	20000000.217	25541854.877	0.249024
116.001803874969	250245008.75075	20000000.3099999	25539713.531	0.251465
117.000205993652	250245008.75	20000000.36	25552858.2510001	0.249634
117.998607873917	250245008.74975	19999998.942	25545107.726	0.247803
