#Menlo Systems GmbH 2009 - Comb Watch v0.9.6
#Measurement from 6.4.2021.
#Begin of the measurement: 14:32:45, 52365 sec after midnight.
#Add 804425565 to get the time since 0:00 of 10th Oct. 1995 = MJD 50000 in seconds.
#
#C0:	timestamp
#C1:	reprate.freq	The actual repetition rate of the comb (calculated from counter0)	Hz
#C2:	offset.freq	Offset beat frequency (see counter1)	Hz	20000000	10
#C3:	counter2.freq	Counter channel 2 frequency	Hz
#C4:	counter2.signal	Signal strength of counter channel 2 input	V
#
#S0:	4
#Statistics settings
#S1:	250413185.5	0.005
#S2:	20000000	10
#S3:	#
#S4:	#
#
#timestamp	#reprate.freq	#offset.freq	#counter2.freq	#counter2.signal
0	250413185.4995	19999999.396	36726513.098	0.258789
1.01400089263916	250413185.5005	20000000.237	36699498.441	0.2594
2.01240277290344	250413185.49975	19999999.268	36675655.399	0.256958
3.0108048915863	250413185.49975	20000000.551	36647059.521	0.258179
4.00920677185059	250413185.5005	20000000.097	36614297.573	0.258179
5.00760793685913	250413185.50025	19999999.859	36588805.533	0.258179
6.00600981712341	250413185.50025	20000000.288	36577342.932	0.256348
7.00441193580627	250413185.5	19999999.2850001	36573741.451	0.256958
8.00281381607056	250413185.499	20000000.237	36541195.267	0.258789
9.0012149810791	250413185.50075	20000000.931	36533153.572	0.2594
10.0152168273926	250413185.49925	19999999.061	36551514.233	0.258789
11.0136189460754	250413185.50025	20000000.2359999	36590683.54	0.2594
12.0120208263397	250413185.5	20000000.4990001	36625155.921	0.258179
13.0104229450226	250413185.4995	20000001.393	36663776.331	0.257568
14.0088238716125	250413185.50025	19999999.311	36669099.551	0.261841
15.0072259902954	250413185.49975	20000000.255	36722757.97	0.258789
16.0056278705597	250413185.501	20000000.499	36776407.483	0.261231
17.0040299892426	250413185.499	19999998.401	36870299.982	0.261841
18.0024309158325	250413185.50125	19999999.54	36925020.808	0.258789
19.0008327960968	250413185.499	20000001.808	36971742.071	0.258789
20.0148348808289	250413185.5005	19999999.254	37021500.605	0.258789
21.0132369995117	250413185.49925	20000000.65	37070111.855	0.258789
22.0116379261017	250413185.5005	20000000.463	37124261.904	0.258789
23.010039806366	250413185.5005	20000000.14	37141195.125	0.26062
24.0084419250488	250413185.49975	19999999.615	37168329.534	0.26001
25.0068438053131	250413185.5	19999998.395	37191129.681	0.258789
26.0052449703217	250413185.49975	20000001.055	37185546.802	0.258789
27.0036468505859	250413185.5	20000001.016	37183338.782	0.258789
28.0020489692688	250413185.5	20000000.191	37159080.887	0.2594
29.0004508495331	250413185.50025	20000000.958	37132678.939	0.258789
30.0144519805908	250413185.50075	19999998.29	37112949.034	0.261231
31.0128538608551	250413185.4985	20000000.327	37083378.571	0.2594
32.011255979538	250413185.5	20000000.94	37065469.118	0.257568
33.0096578598022	250413185.49975	19999998.56	37031397.164	0.261231
34.0080587863922	250413185.50175	20000000.941	36999104.204	0.2594
35.0064609050751	250413185.4995	20000000.518	36982503.947	0.257568
36.0048627853394	250413185.5	19999999.56	36912976.4289999	0.258789
37.0032649040222	250413185.49925	19999999.716	36902047.682	0.2594
38.0016658306122	250413185.5015	19999999.707	36843988.285	0.2594
39.0156679153442	250413185.49925	20000001.0890001	36882737.304	0.26062
40.0140697956085	250413185.499	19999999.428	36842075.929	0.2594
41.0124719142914	250413185.5005	20000000.205	36858367.137	0.258179
42.0108728408813	250413185.5	20000000.1949999	36776342.9150001	0.26062
43.0092749595642	250413185.49975	20000000.7360001	36783632.6539999	0.258179
44.0076768398285	250413185.49975	19999999.26	36770027.78	0.257568
45.0060789585114	250413185.50025	19999999.834	36777726.654	0.26001
46.0044798851013	250413185.5005	20000001.2029999	36773859.048	0.262451
47.0028820037842	250413185.5	19999999.3480001	36774748.395	0.258789
48.0012838840485	250413185.5005	20000000.319	36788106.735	0.258789
49.0152859687805	250413185.50025	19999999.755	36793618.1030001	0.257568
50.0136878490448	250413185.49925	19999999.7999999	36772942.137	0.257568
51.0120887756348	250413185.5	19999998.936	36805073.032	0.258179
52.0104908943176	250413185.5	19999999.78	36803335.939	0.257568
53.0088927745819	250413185.4995	20000001.7590001	36803992.836	0.257568
54.0072948932648	250413185.501	19999999.475	36805661.828	0.257568
55.0056958198547	250413185.49875	20000000.313	36815757.414	0.258789
56.0040979385376	250413185.5005	19999999.582	36811028.567	0.257568
57.0024998188019	250413185.5	19999999.701	36809355.207	0.262451
58.0009019374847	250413185.50025	20000000.326	36820686.365	0.2594
59.0149028301239	250413185.4995	20000000.3250001	36832025.173	0.257568
60.0133049488068	250413185.49975	20000000.3429999	36844178.632	0.258179
61.011706829071	250413185.5	19999999.4760001	36815965.545	0.2594
62.0101089477539	250413185.50075	20000000.305	36818281.063	0.257568
63.0085098743439	250413185.49975	19999999.932	36798306.274	0.257568
64.0069119930267	250413185.50025	19999999.737	36799666.654	0.258789
65.005313873291	250413185.49975	19999999.0499999	36805305.743	0.257568
66.0037159919739	250413185.5	20000001.5220001	36805526.693	0.258789
67.0021169185638	250413185.5005	19999998.684	36776789.607	0.255737
68.0005187988281	250413185.4995	20000000.265	36781560.995	0.26001
69.0145208835602	250413185.50025	20000000.553	36765105.308	0.258179
70.012923002243	250413185.49975	19999999.94	36765105.0860001	0.258179
71.011323928833	250413185.50075	20000000.065	36801702.1539999	0.257568
72.0097258090973	250413185.499	20000000.597	36816614.327	0.261231
73.0081279277802	250413185.5	19999998.892	36821799.452	0.258789
74.0065298080444	250413185.5005	20000000.772	36827619.281	0.258789
75.004930973053	250413185.5	19999999.202	36802875.936	0.257568
76.0033328533173	250413185.49925	19999999.885	36830992.3169999	0.258789
77.0017349720001	250413185.50075	20000001.226	36879804.5070001	0.257568
78.0157368183136	250413185.5	19999998.969	36878287.0389999	0.258789
79.0141379833221	250413185.49975	20000000.392	36882712.641	0.256958
80.0125398635864	250413185.499	19999999.619	36922141.754	0.258789
81.0109419822693	250413185.50075	20000000.559	36954475.568	0.258179
82.0093438625336	250413185.5	20000000.088	37018882.818	0.258179
83.0077447891235	250413185.5005	20000000.0779999	37080678.733	0.26001
84.0061469078064	250413185.4995	19999998.7970001	37073919.315	0.258789
85.0045487880707	250413185.50025	20000000.465	37107751.595	0.258789
86.0029509067535	250413185.49975	19999999.864	37109743.89	0.26062
87.0013518333435	250413185.50025	19999999.221	37095780.177	0.2594
88.0153539180756	250413185.5	20000001.66	37105939.12	0.257568
89.0137557983398	250413185.49975	19999999.121	37124944.546	0.2594
90.0121579170227	250413185.5	20000000.916	37098974.733	0.258789
91.010559797287	250413185.4995	19999999.716	37078644.586	0.257568
92.0089609622955	250413185.5005	20000000.414	37060864.393	0.258179
93.0073628425598	250413185.50075	19999999.271	37022940.694	0.258789
94.0057649612427	250413185.49925	20000000.682	37003623.6409999	0.257568
95.004166841507	250413185.4995	19999999.865	36933500.082	0.258179
96.0025680065155	250413185.50075	20000001.0139999	36887356.8230001	0.258179
97.016569852829	250413185.4995	19999998.1010001	36846174.5239999	0.258179
98.0149719715118	250413185.49975	20000000.8249999	36806723.727	0.26062
99.0133738517761	250413185.5015	19999999.357	36761448.1470001	0.258179
100.011774778366	250413185.49925	20000000.758	36723924.609	0.258179
101.010176897049	250413185.49975	19999999.0520001	36660007.64	0.258789
102.008578777313	250413185.5	20000000.312	36563532.977	0.256348
103.006980895996	250413185.49975	20000001.9319999	36530557.5650001	0.256958
104.005381822586	250413185.50025	19999999.307	36528612.1999999	0.257568
105.003783941269	250413185.50025	19999999.028	36530681.506	0.256348
106.002185821533	250413185.49975	20000001.474	36490014.386	0.257568
107.016187906265	250413185.5005	20000000.979	36472700.762	0.256958
108.014588832855	250413185.5	20000000.2720001	36428819.271	0.258179
109.012990951538	250413185.49975	19999998.102	36424543.033	0.257568
110.011392831802	250413185.50025	20000001.734	36415749.044	0.256348
111.009794950485	250413185.49925	19999999.544	36373608.286	0.256958
112.008195877075	250413185.50075	20000000.048	36336107.131	0.258179
113.006597995758	250413185.5	19999999.6439999	36336038.053	0.255127
114.004999876022	250413185.5005	20000000.564	36315119.563	0.256348
115.003401994705	250413185.49925	20000000.1370001	36302903.258	0.26001
116.001802921295	250413185.4995	19999999.418	36282986.474	0.256958
117.015805006027	250413185.5005	19999999.974	36232392.606	0.256958
118.014206886292	250413185.49975	20000000.5499999	36228417.206	0.2594
119.012609004974	250413185.5005	19999999.71	36219058.544	0.256958
120.011009931564	250413185.49925	19999999.02	36204587.292	0.256348
121.009411811829	250413185.501	20000000.505	36175573.596	0.256348
122.007813930511	250413185.49975	19999999.549	36139486.714	0.256348
123.006215810776	250413185.49975	20000000.631	36123466.899	0.256958
124.004616975784	250413185.49975	20000001.276	36129832.9649999	0.256958
125.003018856049	250413185.5005	19999999.647	36128445.8870001	0.256958
126.001420974731	250413185.49875	19999999.827	36091647.2359999	0.256348
127.015422821045	250413185.50025	19999999.822	36062606.485	0.256958
128.013824939728	250413185.50075	20000001.416	36070857.694	0.255737
129.012225866318	250413185.49975	20000000.131	36068931.842	0.255737
130.010627985001	250413185.50025	19999998.878	36079774.822	0.256348
131.009029865265	250413185.50025	20000001.575	36060770.208	0.256958
132.007431983948	250413185.5	20000000.286	36019771.4220001	0.256958
133.005832910538	250413185.4995	19999999.417	36018487.897	0.2594
134.004234790802	250413185.5	19999999.189	36041786.915	0.256348
135.002636909485	250413185.49975	20000001.239	36049116.399	0.26001
136.016638994217	250413185.5005	19999999.125	36045404.843	0.255737
137.015039920807	250413185.4995	19999999.149	36030015.5779999	0.257568
138.013441801071	250413185.50075	20000001.456	36016543.272	0.258789
139.011843919754	250413185.499	20000000.728	36040495.879	0.255127
140.010245800018	250413185.5005	19999998.409	36027999.378	0.256348
141.008646965027	250413185.50075	20000000.625	36029699.165	0.256958
142.007048845291	250413185.499	20000000.257	36026028.839	0.2594
143.005450963974	250413185.50025	19999999.896	36025913.748	0.255737
144.003852844238	250413185.50025	19999999.764	36038370.284	0.255127
145.002253770828	250413185.5	20000000.451	36091108.393	0.255737
146.01625585556	250413185.49975	19999999.091	36068539.675	0.256348
147.014657974243	250413185.50025	20000001.0559999	36096533.882	0.256958
148.013059854507	250413185.50075	19999999.003	36085679.333	0.26062
149.011460781097	250413185.49825	20000000.997	36104318.757	0.257568
150.00986289978	250413185.5005	20000001.006	36131486.515	0.256348
151.008264780045	250413185.5005	20000000.131	36128888.41	0.26001
152.006666898727	250413185.5	19999998.962	36130942.2260001	0.257568
153.005067825317	250413185.50025	20000000.147	36147217.0039999	0.258179
154.003469944	250413185.5	20000000.656	36150051.012	0.256348
155.001871824265	250413185.5	19999998.7179999	36157992.2690001	0.256958
156.015873908997	250413185.49975	20000001.074	36169907.215	0.257568
157.014274835587	250413185.49975	20000000.9280001	36173932.2379999	0.255737
158.012676954269	250413185.4995	19999998.1209999	36155076.4100001	0.256958
159.011078834534	250413185.5005	20000000.5750001	36128602.846	0.256348
160.009480953217	250413185.50025	19999999.977	36129946.858	0.256958
161.007881879807	250413185.50025	20000000.678	36150873.79	0.257568
162.006283998489	250413185.50025	19999999.658	36136867.811	0.256958
163.004685878754	250413185.49925	20000000.089	36129741.439	0.255737
164.003087997437	250413185.5005	20000000.266	36116583.01	0.257568
165.01708984375	250413185.4995	20000000.1749999	36098974.186	0.257568
166.01549077034	250413185.50025	19999999.077	36113519.638	0.256958
167.013892889023	250413185.50025	20000000.23	36106432.1620001	0.254517
168.012294769287	250413185.49975	20000000.03	36095199.466	0.257568
169.01069688797	250413185.50025	20000000.053	36101939.663	0.256348
170.00909781456	250413185.49975	19999999.883	36085210.439	0.258179
171.007499933243	250413185.5005	20000000.153	36079796.629	0.256348
172.005901813507	250413185.5005	19999999.844	36084050.629	0.256348
173.00430393219	250413185.49925	19999999.3850001	36069511.912	0.256348
174.00270485878	250413185.5	20000001.048	36098075.99	0.256348
175.016706943512	250413185.49975	19999999.245	36119493.075	0.257568
176.015108823776	250413185.50025	20000000.721	36107367.892	0.258789
177.013510942459	250413185.4995	19999999.467	36095431.371	0.255737
178.011911869049	250413185.4995	20000001.203	36110093.006	0.255737
179.010313987732	250413185.501	19999999.443	36086527.499	0.257568
180.008715867996	250413185.4995	20000000.635	36103769.4270001	0.256348
181.007117986679	250413185.5	19999999.487	36102785.773	0.2594
182.005518913269	250413185.50025	19999999.884	36079651.128	0.255737
183.003920793533	250413185.5	20000000.818	36074113.216	0.255737
184.002322912216	250413185.49975	20000000.515	36067664.2160001	0.256958
185.016324996948	250413185.4995	19999999.232	36071201.048	0.255127
186.014725923538	250413185.501	20000000.216	36075538.487	0.256958
187.013127803802	250413185.4995	20000000.188	36062871.288	0.255127
188.011529922485	250413185.5	19999998.44	36059926.641	0.258179
189.00993180275	250413185.4995	20000001.399	36073734.402	0.256348
190.008332967758	250413185.501	19999998.442	36069641.21	0.255737
191.006734848022	250413185.49925	20000001.537	36060262.633	0.256348
192.005136966705	250413185.50075	20000000.849	36077949.601	0.258179
193.00353884697	250413185.49975	20000000.688	36062031.2620001	0.257568
194.017539978027	250413185.49975	19999999.863	36058954.7789999	0.256348
195.015941858292	250413185.50025	19999999.864	36049408.133	0.256348
196.014343976974	250413185.49975	19999999.009	36018124.671	0.258789
197.012745857239	250413185.5	19999999.638	36023433.306	0.258179
198.011146783829	250413185.50025	20000000.618	36031267.667	0.255737
199.009548902512	250413185.50075	19999998.888	35995428.825	0.257568
200.007950782776	250413185.49925	20000002.017	35991401.437	0.256348
201.006352901459	250413185.50025	20000000.053	35968028.715	0.256958
202.004753828049	250413185.49975	19999999.145	35965809.229	0.255737
203.003155946732	250413185.4995	19999999.724	35962465.317	0.256348
204.017157793045	250413185.49975	20000000.0520001	35963376.159	0.256958
205.015559911728	250413185.501	19999999.374	35932861.521	0.256348
206.013961791992	250413185.4995	20000001.194	35892567.838	0.256348
207.012362957001	250413185.501	19999999.9150001	35888023.767	0.255737
208.010764837265	250413185.4995	19999999.229	35875016.857	0.257568
209.009166955948	250413185.5	20000000.369	35882353.566	0.255737
210.007568836212	250413185.49975	19999999.7590001	35877197.184	0.256348
211.005970001221	250413185.49925	20000000.982	35872696.245	0.256958
212.004371881485	250413185.50075	19999999.408	35839048.178	0.255127
213.002774000168	250413185.5	19999999.035	35827974.076	0.258789
214.016775846481	250413185.49975	20000001.576	35796189.3660001	0.256348
215.015176773071	250413185.5	19999999.3940001	35772848.577	0.257568
216.013578891754	250413185.50025	19999999.221	35762901.729	0.254517
217.011980772018	250413185.4995	20000000.423	35725025.8249999	0.255127
218.010382890701	250413185.5	20000000.3180001	35700387.449	0.253906
219.008783817291	250413185.501	19999999.8889999	35674505.0050001	0.256348
220.007185935974	250413185.49925	19999999.7950001	35655797.938	0.257568
221.005587816238	250413185.50025	20000000.112	35644373.3019999	0.255737
222.003989934921	250413185.5005	20000000.6899999	35620837.607	0.253296
223.01799082756	250413185.49925	19999999.398	35581992.3150001	0.258789
224.016392946243	250413185.5	20000000.266	35568791.858	0.256348
225.014794826508	250413185.50075	19999998.6669999	35566320.4219999	0.255737
226.01319694519	250413185.5	20000002.383	35563613.641	0.255127
227.01159787178	250413185.50025	19999999.8100001	35576972.789	0.254517
228.009999990463	250413185.49875	20000000.916	35571197.114	0.254517
229.008401870728	250413185.50025	19999999.014	35543586.917	0.255127
230.00680398941	250413185.5	19999999.524	35553250.609	0.255127
231.005204916	250413185.50025	20000001.161	35557063.258	0.256958
232.003606796265	250413185.4995	19999999.869	35551757.345	0.256348
233.017608880997	250413185.5015	19999999.326	35551174.024	0.255127
234.01601099968	250413185.49875	20000000.987	35534661.702	0.254517
235.01441192627	250413185.50025	20000000.18	35525513.086	0.255127
236.012813806534	250413185.50025	19999999.825	35511646.241	0.255127
237.011215925217	250413185.49975	19999998.41	35521898.394	0.253906
238.009617805481	250413185.5	20000001.563	35547878.782	0.253906
239.00801897049	250413185.5005	19999999.402	35561518.481	0.254517
240.006420850754	250413185.499	20000000.241	35532223.611	0.254517
241.004822969437	250413185.5005	19999999.588	35515746.174	0.255127
242.003224849701	250413185.49975	19999999.649	35520089.474	0.255127
243.017226934433	250413185.50075	20000000.076	35544151.306	0.257568
244.015627861023	250413185.49925	20000001.515	35542958.892	0.255737
245.014029979706	250413185.5	19999998.755	35526048.476	0.254517
246.01243185997	250413185.5	20000000.971	35520682.835	0.256958
247.010833978653	250413185.49975	19999998.614	35505481.232	0.255127
248.009234905243	250413185.5005	20000000.499	35511324.14	0.255127
249.007636785507	250413185.5	20000001.669	35524899.375	0.254517
250.00603890419	250413185.5	19999999.452	35532748.414	0.253906
251.004440784454	250413185.50025	19999999.45	35522207.298	0.254517
252.002841949463	250413185.49925	20000000.154	35521463.234	0.254517
253.016843795776	250413185.5005	20000000.931	35529930.651	0.255127
254.015245914459	250413185.5	19999999.537	35561040.253	0.254517
255.013647794724	250413185.50075	19999998.8989999	35593335.619	0.253906
256.012048959732	250413185.4995	20000001.3130001	35595096.633	0.254517
257.010450839996	250413185.4995	19999999.929	35591228.839	0.255737
258.008852958679	250413185.49975	20000000.0029999	35616936.943	0.253906
259.007254838943	250413185.5	20000000.98	35636583.573	0.254517
260.005656003952	250413185.5	19999998.195	35668427.4	0.255127
261.004057884216	250413185.50025	20000000.776	35715022.172	0.254517
262.018059968948	250413185.5	20000000.1229999	35754704.783	0.255737
263.016461849213	250413185.50025	19999999.649	35812253.077	0.255127
264.014862775803	250413185.4995	19999999.65	35893993.102	0.255127
265.013264894485	250413185.5	20000000.053	35958432.628	0.258179
266.01166677475	250413185.501	20000000.0040001	36032732.756	0.258179
267.010068893433	250413185.4995	19999999.462	36109904.638	0.256348
268.008469820023	250413185.4995	20000000.538	36160915.447	0.254517
269.006871938705	250413185.4995	20000001.2639999	36226753.669	0.256348
270.00527381897	250413185.50075	19999999.487	36314968.985	0.2594
271.003675937653	250413185.50025	19999999.1440001	36409283.669	0.255737
272.017676830292	250413185.50025	20000000.038	36534107.192	0.2594
273.016078948975	250413185.49975	20000001.006	36660894.674	0.256348
274.014480829239	250413185.4995	19999999.9349999	36749188.1	0.26001
275.012882947922	250413185.5005	19999999.159	36830755.7199999	0.256958
276.011283874512	250413185.49975	19999999.586	36951454.482	0.256958
277.009685993195	250413185.5	20000001.0120001	37047596.4050001	0.258179
278.008087873459	250413185.501	19999999.54	37129756.031	0.258179
279.006489992142	250413185.499	20000000.041	37196095.2069999	0.258789
280.004890918732	250413185.5015	20000000.6749999	37213147.837	0.258179
281.003292798996	250413185.4995	19999999.131	37249565.4380001	0.26001
282.017294883728	250413185.499	19999999.895	37275629.833	0.258179
283.015697002411	250413185.5005	20000000.63	37311175.554	0.258789
284.014098882675	250413185.5005	19999999.603	37322896.998	0.26001
285.012499809265	250413185.49875	19999999.008	37311196.178	0.2594
286.010901927948	250413185.5005	20000001.11	37306107.263	0.257568
287.009303808212	250413185.5005	20000000.132	37324133.849	0.258789
288.007705926895	250413185.499	20000000.635	37320313.401	0.258179
289.006106853485	250413185.4995	19999999.715	37316424.338	0.257568
290.004508972168	250413185.49975	19999998.971	37332332.463	0.258789
291.018510818481	250413185.501	20000000.607	37299822.909	0.258179
292.016912937164	250413185.5005	20000000.018	37285151.09	0.26062
293.015313863754	250413185.5	19999999.937	37266296.347	0.261841
294.013715982437	250413185.5	19999999.544	37267471.875	0.258789
295.012117862701	250413185.4995	20000000.583	37281800.811	0.258179
296.010519981384	250413185.49975	20000000.494	37301735.45	0.262451
297.008920907974	250413185.50075	20000000.887	37271770.089	0.256958
298.007322788239	250413185.5	19999999.309	37219920.428	0.2594
299.005724906921	250413185.49925	20000000.247	37215857.703	0.26001
300.004126787186	250413185.5005	20000000.471	37187569.357	0.258789
301.018127918243	250413185.49975	19999998.706	37170750.573	0.258179
302.016529798508	250413185.50025	20000001.416	37135214.437	0.258789
303.014931917191	250413185.4995	19999999.517	37089482.8989999	0.258789
304.013333797455	250413185.5005	20000000.225	37042068.6620001	0.257568
305.011734962463	250413185.5	20000000.448	37031518.7049999	0.258789
306.010136842728	250413185.5	20000000.439	37007101.847	0.258789
307.008538961411	250413185.50025	19999999.559	36984036.1500001	0.257568
308.006940841675	250413185.49975	20000000.286	36906984.865	0.257568
309.005342006683	250413185.49975	19999999.9120001	36901046.2409999	0.258789
310.003743886948	250413185.5005	19999998.997	36882172.2970001	0.256348
311.01774597168	250413185.5	20000000.84	36871232.497	0.258789
312.016147851944	250413185.50025	20000001.061	36834902.3659999	0.258179
313.014548778534	250413185.4995	19999998.813	36791232.47	0.256958
314.012950897217	250413185.4995	19999999.8889999	36764093.216	0.2594
315.011352777481	250413185.5005	19999999.613	36728988.7060001	0.258179
316.009754896164	250413185.5	20000000.661	36701749.058	0.256958
317.008155822754	250413185.49975	19999999.63	36674665.789	0.257568
318.006557941437	250413185.5	20000000.291	36664206.181	0.255127
319.004959821701	250413185.50075	20000000.949	36649561.923	0.257568
320.018961906433	250413185.49875	19999998.3710001	36641338.671	0.255127
321.017363786697	250413185.50025	20000000.4649999	36599001.582	0.26001
322.015764951706	250413185.5005	20000000.3360001	36595335.745	0.258789
323.01416683197	250413185.49975	20000000.852	36591170.319	0.256348
324.012568950653	250413185.50025	20000000.035	36591828.549	0.258179
325.010970830917	250413185.49975	19999999.034	36577306.286	0.256958
326.009371995926	250413185.5	20000001.152	36570883.083	0.257568
327.00777387619	250413185.5	19999999.444	36552421.67	0.257568
328.006175994873	250413185.5	19999999.411	36558758.313	0.257568
329.004577875137	250413185.5	20000001.061	36570673.346	0.256348
330.018579006195	250413185.4995	20000000.5239999	36553044.708	0.256348
331.016980886459	250413185.5015	19999999.651	36550405.684	0.255127
332.015383005142	250413185.49925	19999999.904	36532889.824	0.256348
333.013784885406	250413185.499	19999998.849	36506620.444	0.256348
334.012185811996	250413185.50025	20000001.7260001	36503224.525	0.255127
335.010587930679	250413185.50125	19999999.3809999	36470364.592	0.256348
336.008989810944	250413185.49875	19999999.806	36435323.154	0.254517
337.007391929626	250413185.50025	20000000.532	36417949.253	0.256348
338.005792856216	250413185.5	20000000.349	36390717.8069999	0.255737
339.004194974899	250413185.50075	19999999.086	36386085.9790001	0.257568
340.018196821213	250413185.49975	19999999.286	36374018.6609999	0.255127
341.016598939896	250413185.49975	20000001.26	36359478.6400001	0.256348
342.014999866486	250413185.5	19999999.781	36366987.212	0.255127
343.013401985168	250413185.49975	20000000.149	36366928.2399999	0.256348
344.011803865433	250413185.50025	19999999.299	36319092.0430001	0.2594
345.010205984116	250413185.5005	20000001.148	36312775.614	0.255127
346.008606910706	250413185.50025	19999999.78	36300769.192	0.256348
347.00700879097	250413185.49875	19999999.996	36289242.426	0.256348
348.005410909653	250413185.50025	19999998.588	36286916.357	0.258179
349.019412994385	250413185.50075	20000000.332	36257639.618	0.2594
350.017813920975	250413185.49925	20000000.253	36229952.495	0.256348
351.016215801239	250413185.49975	20000000.556	36229914.254	0.257568
352.014617919922	250413185.50075	19999999.211	36229224.053	0.256958
353.013019800186	250413185.4995	20000000.178	36227798.899	0.256348
354.011420965195	250413185.50075	19999999.815	36242197.035	0.257568
355.009822845459	250413185.4995	20000000.178	36240176.089	0.256958
356.008224964142	250413185.4995	20000000.152	36177649.439	0.256958
357.006626844406	250413185.5005	19999999.445	36200197.585	0.254517
358.005027770996	250413185.5	20000000.576	36240873.541	0.258179
359.019029855728	250413185.5005	20000000.271	36245005.933	0.255737
360.017431974411	250413185.49975	20000001.01	36254695.477	0.256958
361.015833854675	250413185.5	19999998.972	36256366.3889999	0.254517
362.014235973358	250413185.499	20000000.402	36259325.719	0.258789
363.012636899948	250413185.5005	19999998.852	36242867.48	0.26062
364.011038780212	250413185.50025	20000001.035	36280438.0350001	0.256348
365.009440898895	250413185.5	20000000.077	36280271.546	0.256958
366.00784277916	250413185.501	19999998.445	36274836.096	0.256348
367.006243944168	250413185.499	20000000.267	36283723.877	0.255737
368.004645824432	250413185.5	20000000.836	36278654.0270001	0.256348
369.018647909164	250413185.49975	20000000.125	36260788.5729999	0.256348
370.017049789429	250413185.50075	20000001.082	36250840.272	0.255737
371.015450954437	250413185.4995	19999999.9810001	36265447.2060001	0.255737
372.013852834702	250413185.5005	20000000.0569999	36237977.8299999	0.255737
373.012254953384	250413185.49975	19999998.998	36221930.585	0.256348
374.010656833649	250413185.4995	20000000.016	36215445.461	0.256348
375.009057998657	250413185.50025	20000000.4499999	36224337.3380001	0.256348
376.007459878922	250413185.50025	20000000.6450001	36203796.277	0.255737
377.005861997604	250413185.49975	19999999.563	36182097.931	0.255737
378.019863843918	250413185.5	20000000.631	36163346.595	0.256348
379.018264770508	250413185.5005	19999999.5669999	36154804.807	0.256348
380.016666889191	250413185.49975	19999999.3280001	36164956.256	0.255127
381.015068769455	250413185.5	20000001.7639999	36157018.22	0.256348
382.013470888138	250413185.49975	19999998.985	36150900.766	0.256348
383.011871814728	250413185.4995	19999999.3840001	36119384.888	0.256348
384.010273933411	250413185.501	19999999.951	36111638.297	0.256958
385.008675813675	250413185.4995	20000002.04	36110725.006	0.254517
386.007077932358	250413185.50025	19999998.198	36096521.295	0.255737
387.005478858948	250413185.5005	19999999.9250001	36113427.381	0.255737
388.01948094368	250413185.49975	19999999.6389999	36074041.369	0.258789
389.017882823944	250413185.49975	20000000.938	36084832.283	0.254517
390.016284942627	250413185.49925	19999999.042	36096797.924	0.258179
391.014685869217	250413185.5	20000000.665	36110035.451	0.255127
392.0130879879	250413185.50075	20000000.37	36128128.636	0.255737
393.011489868164	250413185.5	20000000.676	36121438.814	0.258789
394.009891986847	250413185.4995	19999998.799	36111898.906	0.255127
395.008292913437	250413185.5005	19999999.748	36138408.8579999	0.255737
396.006694793701	250413185.49975	20000000.121	36149382.595	0.255127
397.005096912384	250413185.49975	20000000.868	36163075.11	0.255127
398.019098997116	250413185.5005	19999999.555	36166568.206	0.255127
399.01750087738	250413185.49975	20000000.054	36160302.592	0.255127
400.01590180397	250413185.50075	19999999.898	36138286.515	0.255127
401.014303922653	250413185.4995	19999999.437	36101726.1720001	0.256348
402.012705802917	250413185.50025	20000000.939	36106076.489	0.254517
403.0111079216	250413185.49925	19999998.069	36095758.538	0.255127
404.00950884819	250413185.5005	20000002.073	36067653.771	0.257568
405.007910966873	250413185.5	19999999.237	36060689.742	0.254517
406.006312847137	250413185.50025	20000000.791	36048126.342	0.254517
407.02031493187	250413185.4995	19999998.837	36040923.307	0.255127
408.018715858459	250413185.50075	20000000.362	36024832.754	0.256348
409.017117977142	250413185.4995	20000000.861	35991588.378	0.256348
410.015519857407	250413185.5	19999999.096	35980812.328	0.253906
411.013921976089	250413185.49975	19999999.599	35973654.458	0.255127
412.012322902679	250413185.50025	20000001.087	35970331.194	0.255127
413.010724782944	250413185.49975	19999999.979	35961664.13	0.255127
414.009126901627	250413185.5	19999999.627	35954891.763	0.254517
415.007528781891	250413185.50025	19999999.7869999	35963355.474	0.254517
416.005929946899	250413185.49975	20000000.013	35956681.657	0.254517
417.019931793213	250413185.49975	20000000.7690001	35968203.713	0.256348
418.018333911896	250413185.50075	19999999.136	35947401.686	0.256958
419.01673579216	250413185.49975	20000001.462	35896238.411	0.254517
420.015136957169	250413185.4995	19999999.106	35898288.207	0.255737
421.013538837433	250413185.49975	19999999.9579999	35900621.53	0.256348
422.011940956116	250413185.50025	19999998.7770001	35892632.46	0.256348
423.01034283638	250413185.5005	20000000.5469999	35880248.839	0.256348
424.008744001389	250413185.4995	19999999.8760001	35875467.21	0.255127
425.007145881653	250413185.50025	20000000.5420001	35851617.458	0.255127
426.005548000336	250413185.5	20000001.3369999	35860851.6	0.255737
427.019549846649	250413185.50025	20000000.317	35860163.094	0.255737
428.017950773239	250413185.49925	19999997.457	35841128.974	0.255127
429.016352891922	250413185.50125	20000001.1720001	35825920.891	0.254517
430.014754772186	250413185.49925	19999999.4219999	35801365.49	0.254517
431.013156890869	250413185.50025	20000000.395	35765148.7129999	0.257568
432.011557817459	250413185.49975	19999999.623	35763216.909	0.252075
433.009959936142	250413185.4995	20000000.972	35727329.369	0.258179
434.008361816406	250413185.50025	20000000.826	35704265.1210001	0.254517
435.006763935089	250413185.5005	19999999.11	35691063.13	0.255127
436.005164861679	250413185.49975	20000000.429	35658154.487	0.255127
437.019166946411	250413185.50025	20000000.27	35644777.168	0.254517
438.017568826675	250413185.50025	19999999.7260001	35650707.044	0.253906
439.015970945358	250413185.49975	20000000.138	35615847.093	0.258179
440.014372825623	250413185.49925	20000000.068	35604405.207	0.256348
441.012773990631	250413185.49975	20000000.152	35598516.623	0.254517
442.011175870895	250413185.50025	19999998.329	35576061.667	0.256958
443.009577989578	250413185.50125	20000000.43	35567587.895	0.255737
444.007979869843	250413185.4995	20000000.29	35557200.654	0.256348
445.006380796433	250413185.5005	20000000.297	35543543.269	0.254517
446.020382881165	250413185.4995	20000000.095	35553711.093	0.254517
447.018784999847	250413185.5	20000000.908	35538319.691	0.253906
448.017186880112	250413185.50025	19999999.4	35534121.005	0.256348
449.015587806702	250413185.50025	19999999.264	35528206.1070001	0.255127
450.013989925385	250413185.49925	19999999.989	35526829.845	0.256958
451.012391805649	250413185.5005	20000000.283	35525281.976	0.255127
452.010793924332	250413185.499	20000001.622	35519441.2869999	0.253906
453.009194850922	250413185.50025	19999999.839	35528310.388	0.254517
454.007596969604	250413185.5005	20000000.538	35547546.661	0.254517
455.005998849869	250413185.50025	19999998.37	35482655.2	0.254517
456.020000934601	250413185.4995	20000000.77	35517908.817	0.253906
457.018401861191	250413185.50075	19999999.572	35522043.1099999	0.254517
458.016803979874	250413185.4995	20000000.735	35535823.7800001	0.254517
459.015205860138	250413185.49975	19999999.358	35544796.454	0.253906
460.013607978821	250413185.501	20000000.522	35557699.163	0.254517
461.012008905411	250413185.499	19999999.75	35549437.867	0.254517
462.010410785675	250413185.5005	20000000.688	35555217.39	0.254517
463.008812904358	250413185.499	19999999.928	35564301.059	0.255127
464.007214784622	250413185.50075	19999999.812	35536682.515	0.255737
465.005615949631	250413185.5005	19999999.621	35567075.38	0.256958
466.019617795944	250413185.49925	19999999.176	35572481.538	0.253296
467.018019914627	250413185.5	20000000.237	35568384.415	0.254517
468.016421794891	250413185.49975	20000000.485	35576495.171	0.253906
469.0148229599	250413185.49975	19999999.733	35567456.499	0.252686
470.013224840164	250413185.50075	20000000.625	35562142.469	0.254517
471.011626958847	250413185.5	19999999.271	35557392.295	0.257568
472.010028839111	250413185.50075	20000002.0879999	35536354.889	0.253296
473.00843000412	250413185.49875	19999998.1090001	35537984.017	0.257568
474.006831884384	250413185.5005	20000000.04	35526573.171	0.254517
475.020833969116	250413185.5	20000000.508	35438324.638	0.255127
476.01923584938	250413185.49975	20000001.865	35454405.885	0.255737
477.017637968063	250413185.5005	19999999.656	35463336.988	0.253296
478.016038894653	250413185.49925	20000000.165	35458795.235	0.253906
479.014440774918	250413185.50075	20000001.49	35471793.3199999	0.253906
480.0128428936	250413185.4995	19999998.727	35475588.039	0.255737
481.011244773865	250413185.50025	19999999.4859999	35482206.936	0.253906
482.009645938873	250413185.49975	19999999.5350001	35487565.6670001	0.255737
483.008047819138	250413185.501	20000000.573	35483569.0799999	0.255127
484.00644993782	250413185.49925	19999999.87	35504952.033	0.254517
485.020451784134	250413185.5	20000001.409	35510300.5300001	0.257568
486.018852949142	250413185.49975	19999999.263	35526972.374	0.255127
487.017254829407	250413185.5005	19999999.617	35528037.704	0.255737
488.01565694809	250413185.4995	20000000.85	35530674.559	0.258789
489.014058828354	250413185.5005	19999999.77	35529618.3199999	0.253906
490.012459993362	250413185.49975	19999998.9419999	35559037.5580001	0.258789
491.010861873627	250413185.501	19999999.5710001	35581056.6999999	0.254517
492.00926399231	250413185.49825	20000001.2229999	35586169.3940001	0.255737
493.007665872574	250413185.49925	19999999.2130001	35583728.252	0.252686
494.006066799164	250413185.50125	20000000.336	35581505.436	0.254517
495.020068883896	250413185.5	20000000.459	35570011.181	0.255127
496.018471002579	250413185.5	19999999.75	35570462.533	0.255127
497.016872882843	250413185.49975	20000000.574	35589839.682	0.255127
498.015273809433	250413185.49975	19999999.835	35567815.713	0.254517
499.013675928116	250413185.50075	19999999.216	35565861.415	0.254517
500.01207780838	250413185.49975	20000001.053	35571087.874	0.255127
501.010479927063	250413185.49975	19999998.908	35560233.46	0.255127
502.008880853653	250413185.5005	20000001.626	35547092.102	0.255737
503.007282972336	250413185.5005	19999999.259	35553496.838	0.255737
504.021284818649	250413185.49925	20000000.965	35538966.424	0.253906
505.019686937332	250413185.49975	19999999.943	35537498.732	0.253906
506.018087863922	250413185.5005	19999999.931	35559020.0890001	0.252686
507.016489982605	250413185.4995	19999999.679	35506680.591	0.256348
508.014891862869	250413185.5	20000000.123	35515515.287	0.253906
509.013293981552	250413185.50075	20000000.821	35526460.322	0.253296
510.011694908142	250413185.50025	19999999.822	35524229.437	0.253906
511.010096788406	250413185.4995	19999998.944	35498598.6639999	0.255127
512.008498907089	250413185.5	20000000.763	35478838.5200001	0.256958
513.006900787354	250413185.4995	19999998.439	35480788.647	0.254517
514.020901918411	250413185.50075	20000000.676	35483799.339	0.255127
515.019303798676	250413185.4995	20000000.69	35503774.966	0.255737
516.017705917358	250413185.49975	19999999.655	35493761.3150001	0.253296
517.016107797623	250413185.5005	20000000.19	35479757.3429999	0.254517
518.014509916306	250413185.49975	20000000.003	35464195.549	0.254517
519.012910842896	250413185.50075	20000000.294	35465678.8530001	0.255127
520.011312961578	250413185.49925	20000000.006	35477200.833	0.253906
521.009714841843	250413185.49975	19999999.513	35453014.773	0.255127
522.008116960526	250413185.50025	20000000.415	35420877.674	0.253906
523.006517887115	250413185.5	19999998.158	35405010.727	0.253906
524.020519971848	250413185.50025	20000001.911	35448309.345	0.254517
525.018921852112	250413185.4995	19999999.153	35453532.419	0.253296
526.017323970795	250413185.50025	20000000.543	35401915.805	0.253906
527.015724897385	250413185.4995	20000000.3659999	35341473.109	0.253906
528.014126777649	250413185.50025	20000000.352	35286718.315	0.253906
529.012528896332	250413185.5005	19999999.625	35291748.965	0.254517
530.010930776596	250413185.50025	19999998.98	35280211.773	0.253906
531.009331941605	250413185.49925	20000001.135	35265144.539	0.256958
532.007733821869	250413185.5005	19999999.4810001	35304287.055	0.254517
533.021735906601	250413185.50025	19999998.967	35316030.384	0.253906
534.020137786865	250413185.49925	20000001.099	35312255.527	0.253906
535.018538951874	250413185.5	20000000.545	35310628.098	0.254517
536.016940832138	250413185.501	19999999.8920001	35330422.792	0.253906
537.015342950821	250413185.5	19999999.678	35412845.008	0.253906
538.013744831085	250413185.50075	19999999.304	35476205.19	0.257568
539.012145996094	250413185.49875	20000001.1179999	35499240.459	0.253906
540.010547876358	250413185.4995	19999999.891	35499557.6390001	0.253906
541.008949995041	250413185.5	19999999.61	35537076.375	0.255127
542.007351875305	250413185.50025	19999999.964	35538499.569	0.257568
543.021353006363	250413185.4995	20000000.176	35571696.1719999	0.254517
544.019754886627	250413185.501	20000000.513	35627333.457	0.253906
545.01815700531	250413185.49975	19999999.0699999	35641939.693	0.256348
546.016558885574	250413185.5	20000000.6120001	35653183.891	0.254517
547.014959812164	250413185.50025	20000000.4629999	35657887.3510001	0.253296
548.013361930847	250413185.49975	19999999.011	35663111.0389999	0.254517
549.011763811111	250413185.49975	20000000.3629999	35676667.826	0.256348
550.010165929794	250413185.5005	20000000.0550001	35695325.827	0.254517
551.008566856384	250413185.4995	19999999.531	35594592.057	0.254517
552.006968975067	250413185.5	20000001.125	35625988.682	0.253906
553.020970821381	250413185.50025	19999998.803	35650706.7969999	0.255737
554.019372940063	250413185.49975	20000000.712	35630631.9480001	0.254517
555.017774820328	250413185.5	20000000.832	35659252.5369999	0.255737
556.016175985336	250413185.49975	19999998.04	35665944.434	0.255737
557.014577865601	250413185.5015	20000001.838	35627543.075	0.253906
558.012979984283	250413185.4985	19999998.628	35590786.181	0.254517
559.011381864548	250413185.5	19999998.881	35580516.757	0.255127
560.009782791138	250413185.50075	20000000.802	35576298.278	0.254517
561.008184909821	250413185.49925	20000000.44	35560561.206	0.254517
562.022186994553	250413185.49975	19999999.402	35575736.925	0.255127
563.020588874817	250413185.5005	20000001.096	35538864.729	0.255127
564.018989801407	250413185.501	19999999.638	35527428.001	0.255127
565.01739192009	250413185.499	19999999.828	35526045.4109999	0.254517
566.015793800354	250413185.5005	19999999.963	35511780.67	0.255127
567.014195919037	250413185.49925	20000000.3279999	35509114.914	0.256348
568.012596845627	250413185.49975	19999999.211	35507638.357	0.253906
569.01099896431	250413185.5005	20000001.178	35474112.115	0.255127
570.009400844574	250413185.5	19999999.2600001	35467959.525	0.255127
571.007802963257	250413185.50025	20000000.125	35464636.9460001	0.253906
572.021803855896	250413185.50025	20000000.882	35473785.4829999	0.253906
573.020205974579	250413185.4995	19999998.715	35482224.245	0.253296
574.018607854843	250413185.50025	20000000.798	35494517.7160001	0.256348
575.017009973526	250413185.49975	19999999.369	35466925.6869999	0.254517
576.015410900116	250413185.50025	19999999.997	35471455.025	0.257568
577.01381278038	250413185.49975	20000000.096	35491804.7280001	0.255127
578.012214899063	250413185.50025	19999999.85	35497566.86	0.254517
579.010616779327	250413185.5005	19999999.52	35495729.378	0.255127
580.009017944336	250413185.49875	20000001.35	35493007.974	0.253906
581.0074198246	250413185.50125	19999999.714	35478137.888	0.253296
582.021421909332	250413185.49975	19999999.47	35487639.591	0.254517
583.019823789597	250413185.499	20000000.229	35523486.262	0.253296
584.018224954605	250413185.50075	20000000.721	35528981.5520001	0.256348
585.016626834869	250413185.4995	19999999.2360001	35539263.2640001	0.255737
586.015028953552	250413185.5	19999999.1689999	35555130.453	0.253296
587.013430833817	250413185.50075	20000001.0910001	35551488.781	0.255737
588.011831998825	250413185.50025	20000000.4959999	35583967.847	0.255127
589.010233879089	250413185.49975	19999999.8890001	35595693.15	0.254517
590.008635997772	250413185.50025	19999999.035	35597560.208	0.253906
591.022637844086	250413185.49875	20000000.855	35598330.485	0.253296
592.021038770676	250413185.50025	19999998.873	35598579.387	0.255737
593.019440889359	250413185.50075	20000000.3019999	35585723.323	0.254517
594.017842769623	250413185.4995	20000000.692	35596029.595	0.254517
595.016244888306	250413185.50025	19999999.6109999	35612855.46	0.253296
596.01464676857	250413185.49975	20000000.5760001	35593344.635	0.253906
597.013047933578	250413185.5005	20000000.9699999	35569361.542	0.254517
598.011449813843	250413185.49925	19999997.7190001	35554592.8900001	0.253906
599.009851932526	250413185.50025	20000001.711	35553822.253	0.255127
600.00825381279	250413185.5	19999999.072	35546393.256	0.254517
601.022254943848	250413185.5005	20000000.704	35548009.755	0.255737
602.020656824112	250413185.49975	20000000.041	35548961.8349999	0.253906
603.019058942795	250413185.50025	19999999.7839999	35561298.3590001	0.255737
604.017460823059	250413185.49925	19999999.951	35545797.676	0.255127
605.015861988068	250413185.5005	19999999.417	35525901.128	0.254517
606.014263868332	250413185.49975	20000000.483	35542692.694	0.256958
607.012665987015	250413185.4995	19999999.455	35532864.053	0.255737
608.011067867279	250413185.5005	20000000.098	35533782.3889999	0.255127
609.009468793869	250413185.5	19999999.572	35532833.1830001	0.257568
610.007870912552	250413185.50075	20000001.054	35507771.4189999	0.253906
611.021872997284	250413185.49925	19999999.343	35444999.8590001	0.254517
612.020274877548	250413185.501	19999999.726	35504034.5309999	0.253906
613.018675804138	250413185.49925	20000001.336	35512495.516	0.256958
614.017077922821	250413185.5	19999999.596	35519317.818	0.253906
615.015479803085	250413185.5	19999999.412	35510724.876	0.255737
616.013881921768	250413185.4995	20000000.468	35512137.167	0.254517
617.012282848358	250413185.5	19999999.554	35521332.98	0.253296
618.010684967041	250413185.49975	20000000.562	35507620.018	0.255127
619.009086847305	250413185.5005	19999999.665	35502432.837	0.255127
620.007488965988	250413185.50025	19999999.043	35499311.561	0.254517
621.021489858627	250413185.5005	20000001.3850001	35480964.259	0.256958
622.01989197731	250413185.49925	19999999.106	35483150.679	0.256958
623.018293857574	250413185.50025	19999999.93	35489416.702	0.253906
624.016695976257	250413185.49975	20000000.602	35493279.517	0.254517
625.015096902847	250413185.49975	19999999.352	35505574.403	0.254517
626.013498783112	250413185.50025	20000000.579	35490753.392	0.257568
627.011900901794	250413185.5	19999999.861	35493596.106	0.253906
628.010302782059	250413185.50075	19999999.571	35482259.091	0.256348
629.008703947067	250413185.499	20000000.338	35472757.168	0.254517
630.022705793381	250413185.5	20000000.792	35483877.663	0.255127
631.021107912064	250413185.50025	20000000.03	35491951.5120001	0.255127
632.019509792328	250413185.5005	19999999.365	35472146.071	0.253906
633.017911911011	250413185.5	20000000.502	35466225.207	0.255127
634.016312837601	250413185.49925	20000000.038	35447715.9949999	0.255127
635.014714956284	250413185.5	20000000.396	35429827.296	0.253906
636.013116836548	250413185.50025	19999999.594	35431217.947	0.255127
637.011518955231	250413185.50075	19999999.225	35418220.093	0.254517
638.009919881821	250413185.4985	20000000.205	35393664.576	0.255737
639.008322000504	250413185.5005	19999999.837	35403764.993	0.256348
640.022323846817	250413185.50075	19999999.413	35382980.749	0.255127
641.0207259655	250413185.4985	20000000.155	35372287.596	0.254517
642.01912689209	250413185.50125	20000000.4500001	35386444.6350001	0.255127
643.017528772354	250413185.5005	20000000.1639999	35354227.6609999	0.253296
644.015930891037	250413185.4995	20000000.316	35347464.1030001	0.256348
645.014332771301	250413185.49975	19999999.6850001	35357582.322	0.253906
646.01273393631	250413185.5	20000001.13	35348315.133	0.253906
647.011135816574	250413185.5	19999999.8659999	35329735.87	0.256958
648.009537935257	250413185.49975	19999998.524	35336740.193	0.253296
649.007939815521	250413185.50075	20000000.387	35307279.192	0.255127
650.021940946579	250413185.4995	20000001.0200001	35313512.542	0.252075
651.020342826843	250413185.49975	19999999.002	35310850.041	0.255127
652.018744945526	250413185.5	20000000.395	35293399.878	0.252686
653.01714682579	250413185.50025	20000000.018	35309556.495	0.253296
654.015547990799	250413185.5	20000000.6619999	35310843.013	0.255737
655.013949871063	250413185.50025	19999998.6370001	35292879.893	0.253296
656.012351989746	250413185.49975	19999999.9679999	35278578.04	0.253906
657.01075387001	250413185.49975	20000001.011	35288636.623	0.253906
658.0091547966	250413185.4995	19999999.57	35292008.687	0.253296
659.023156881332	250413185.50125	19999999.35	35297324.184	0.253296
660.021559000015	250413185.5	19999999.83	35276154.249	0.254517
661.01996088028	250413185.4995	20000000.251	35263004.958	0.252075
662.01836180687	250413185.50025	19999999.691	35268227.8870001	0.255127
663.016763925552	250413185.5005	20000000.387	35282502.949	0.253296
664.015165805817	250413185.49875	19999999.76	35288431.846	0.253296
665.0135679245	250413185.5005	20000000.801	35272525.033	0.253296
666.011968851089	250413185.50025	20000000.555	35233207.156	0.253906
667.010370969772	250413185.5	19999999.772	35210241.913	0.253296
668.008772850037	250413185.5	19999999.242	35200121.7640001	0.253296
669.022774934769	250413185.49925	20000000.299	35187246.377	0.253296
670.021175861359	250413185.50075	19999999.815	35160190.336	0.253906
671.019577980042	250413185.5	19999999.028	35140992.054	0.253296
672.017979860306	250413185.49925	20000000.448	35123977.607	0.256958
673.016381978989	250413185.5005	19999999.363	35128168.1030001	0.252686
674.014783859253	250413185.50025	20000001.242	35133411.77	0.253906
675.013184785843	250413185.4995	20000000.851	35130746.691	0.253906
676.011586904526	250413185.50025	19999999.626	35093141.354	0.253906
677.00998878479	250413185.50025	20000000.247	35111867.185	0.253296
678.008390903473	250413185.49975	19999999.5100001	35111195.158	0.253906
679.022391796112	250413185.499	19999998.164	35105931.509	0.252686
680.020793914795	250413185.50225	20000001.293	35103801.435	0.253906
681.019195795059	250413185.499	19999999.522	35068566.65	0.253906
682.017597913742	250413185.4995	20000001.597	35050619.459	0.253296
683.015998840332	250413185.5	19999999.447	35059458.898	0.253906
684.014400959015	250413185.4995	19999999.9219999	35053297.297	0.252686
685.012802839279	250413185.5005	19999999.2110001	35055216.764	0.252075
686.011204957962	250413185.50025	19999999.701	35032350.337	0.250855
687.009605884552	250413185.5005	20000001.918	35023644.502	0.252075
688.023607969284	250413185.49975	19999999.211	35030923.968	0.256958
689.022009849548	250413185.50025	19999999.658	35034378.693	0.252075
690.020411968231	250413185.50025	20000001.7230001	34990518.216	0.252686
