#Menlo Systems GmbH 2009 - Comb Watch v0.9.6
#Measurement from 6.4.2021.
#Begin of the measurement: 15:23:23, 55403 sec after midnight.
#Add 804428603 to get the time since 0:00 of 10th Oct. 1995 = MJD 50000 in seconds.
#
#C0:	timestamp
#C1:	reprate.freq	The actual repetition rate of the comb (calculated from counter0)	Hz
#C2:	offset.freq	Offset beat frequency (see counter1)	Hz	20000000	10
#C3:	counter2.freq	Counter channel 2 frequency	Hz
#C4:	counter2.signal	Signal strength of counter channel 2 input	V
#
#S0:	4
#Statistics settings
#S1:	250333675.75	0.005
#S2:	20000000	10
#S3:	#
#S4:	#
#
#timestamp	#reprate.freq	#offset.freq	#counter2.freq	#counter2.signal
0.998400926589966	250333675.7495	19999999.015	37032298.247	0.271607
1.99680280685425	250333675.7515	20000001.3130001	37028019.865	0.271607
2.99520492553711	250333675.749	19999999.035	37043314.088	0.270996
3.99360680580139	250333675.75	19999999.888	37086788.905	0.274048
4.99200797080994	250333675.74975	20000000.4219999	37086875.895	0.272827
5.99040985107422	250333675.75	20000000.34	37099118.872	0.272827
6.98881196975708	250333675.7505	19999999.1060001	37119719.4780001	0.274048
7.98721385002136	250333675.74925	20000001.326	37135932.532	0.272217
9.0012149810791	250333675.7505	19999999.568	37111241.793	0.272827
9.99961686134338	250333675.7505	19999999.2130001	37149628.3609999	0.272827
10.9980189800262	250333675.7495	20000001.3809999	37118334.5700001	0.272217
11.9964208602905	250333675.74975	19999999.067	37072128.474	0.272827
12.9948220252991	250333675.75	19999999.939	37048779.6770001	0.274048
13.9932239055634	250333675.74925	20000000.722	37035149.459	0.274048
14.9916260242462	250333675.751	19999999.244	36990044.508	0.272827
15.9900279045105	250333675.75	20000000.983	36955362.592	0.272827
16.9884288311005	250333675.74975	20000000.643	36892275.7149999	0.274048
17.9868309497833	250333675.7505	19999998.111	36840192.806	0.272217
19.0008327960968	250333675.7495	19999999.897	36810321.845	0.272217
19.9992349147797	250333675.7505	19999999.699	36753045.896	0.274658
20.9976367950439	250333675.7495	20000001.065	36702681.6899999	0.272827
21.9960379600525	250333675.7505	19999999.089	36659238.5420001	0.274658
22.9944398403168	250333675.75	20000000.701	36608474.3379999	0.273438
23.9928419589996	250333675.74975	19999999.37	36566433.2420001	0.272827
24.9912438392639	250333675.74975	20000001.944	36506579.7329999	0.272827
25.9896450042725	250333675.7505	19999999.325	36452027.356	0.273438
26.9880468845367	250333675.7505	19999998.895	36400546.208	0.272827
27.9864490032196	250333675.749	20000000.425	36348261.718	0.273438
29.0004508495331	250333675.75	19999999.509	36292224.874	0.272217
29.9988520145416	250333675.7505	19999999.841	36266426.093	0.270996
30.9972538948059	250333675.7495	20000000.763	36244816.79	0.272217
31.9956560134888	250333675.7505	19999999.889	36241426.238	0.273438
32.9940578937531	250333675.7495	20000000.599	36261444.986	0.272827
33.992458820343	250333675.75025	19999999.522	36270099.6770001	0.272827
34.9908609390259	250333675.75025	20000001.243	36289563.239	0.273438
35.9892628192902	250333675.75025	19999998.48	36327408.445	0.272217
36.987664937973	250333675.74975	20000000.056	36358084.693	0.273438
38.0016658306122	250333675.7495	20000000.27	36406608.999	0.273438
39.000067949295	250333675.74975	20000000.731	36460698.914	0.272217
39.9984698295593	250333675.7505	19999998.753	36517513.375	0.272827
40.9968719482422	250333675.75075	20000000.22	36569942.5470001	0.272217
41.9952728748322	250333675.74925	19999999.397	36628573.3499999	0.272217
42.993674993515	250333675.75075	20000001.251	36691713.2650001	0.272827
43.9920768737793	250333675.749	20000000.5270001	36747133.2049999	0.271607
44.9904789924622	250333675.75075	19999999.2359999	36783415.78	0.270996
45.9888799190521	250333675.75	19999999.391	36775631.9480001	0.272217
46.9872817993164	250333675.7495	20000000.758	36839237.058	0.271607
48.0012838840485	250333675.75	19999999.7379999	36910108.6570001	0.273438
48.9996860027313	250333675.75025	19999999.689	36955384.308	0.270996
49.9980869293213	250333675.75	20000000.505	37015640.2589999	0.272217
50.9964888095856	250333675.7495	20000000.3000001	37055975.1340001	0.272827
51.9948909282684	250333675.75075	19999999.75	37087661.05	0.274658
52.9932928085327	250333675.749	19999998.948	37098285.775	0.272827
53.9916939735413	250333675.7505	20000000.0320001	37101372.426	0.270996
54.9900958538055	250333675.75	20000000.734	37109875.42	0.272827
55.9884979724884	250333675.74925	20000000.308	37117023.46	0.272217
57.0024998188019	250333675.75175	19999999.6440001	37110031.655	0.274048
58.0009019374847	250333675.749	19999999.7149999	37095871.534	0.274658
58.9993028640747	250333675.74925	20000000.71	37086781.512	0.274658
59.9977049827576	250333675.751	19999999.763	37100796.823	0.273438
60.9961068630219	250333675.75	19999999.85	37104020.687	0.272217
61.9945089817047	250333675.75075	19999999.842	37094058.994	0.271607
62.9929099082947	250333675.74875	19999999.625	37056580.143	0.272827
63.9913120269775	250333675.7505	19999999.5979999	37000629.292	0.272217
64.9897139072418	250333675.749	20000000.47	36969089.16	0.272217
65.9881160259247	250333675.7505	20000000.949	36940969.099	0.272827
67.0021169185638	250333675.75	19999999.892	36901600.581	0.272217
68.0005187988281	250333675.7505	19999999.771	36848199.267	0.273438
68.998920917511	250333675.7495	19999998.7490001	36799674.525	0.273438
69.9973227977753	250333675.75	20000000.8659999	36736285.4549999	0.272827
70.9957239627838	250333675.751	19999999.696	36695143.5320001	0.272827
71.9941258430481	250333675.7485	20000000.332	36654274.758	0.272217
72.992527961731	250333675.75075	19999999.708	36625810.138	0.274048
73.9909298419952	250333675.7495	20000001.238	36590345.191	0.272217
74.9893310070038	250333675.75175	19999999.867	36567865.532	0.274048
75.9877328872681	250333675.74875	19999999.268	36542312.544	0.272217
77.0017349720001	250333675.75025	19999999.413	36545755.407	0.272217
78.0001368522644	250333675.7495	20000000.322	36545225.082	0.274658
78.9985380172729	250333675.7505	20000000.113	36553967.6520001	0.272827
79.9969398975372	250333675.75025	19999999.969	36564547.1949999	0.271607
80.9953420162201	250333675.74925	20000000.041	36565095.0350001	0.274048
81.9937438964844	250333675.7505	20000000.213	36552365.5289999	0.272217
82.9921448230743	250333675.74925	19999999.833	36549032.819	0.273438
83.9905469417572	250333675.75075	19999999.678	36542929.398	0.272217
84.9889488220215	250333675.74875	19999999.953	36532582.531	0.272217
85.9873509407043	250333675.7515	20000001.402	36535926.77	0.273438
87.0013518333435	250333675.75	19999998.66	36523521.868	0.272827
87.9997539520264	250333675.75	20000001.552	36502594.815	0.274658
88.9981558322906	250333675.74875	19999997.151	36459064.062	0.274658
89.9965579509735	250333675.75025	20000001.768	36457156.407	0.272827
90.9949588775635	250333675.75075	19999998.852	36428149.386	0.272217
91.9933609962463	250333675.7505	20000001.016	36409328.5280001	0.272827
92.9917628765106	250333675.74925	20000000.603	36395332.85	0.272827
93.9901649951935	250333675.7505	19999999.174	36390534.637	0.272217
94.9885659217834	250333675.75	20000000.116	36403762.915	0.274048
96.0025680065155	250333675.75025	19999999.841	36420095.143	0.272827
97.0009698867798	250333675.7495	19999999.675	36438853.901	0.273438
97.9993720054626	250333675.75025	20000001.3940001	36467598.508	0.273438
98.9977738857269	250333675.749	19999999.337	36485492.9450001	0.271607
99.9961748123169	250333675.751	20000001.0089999	36515828.8559999	0.272217
100.994576931	250333675.74975	19999999.021	36552190.439	0.272827
101.992978811264	250333675.74975	19999999.877	36565271.6	0.272217
102.991380929947	250333675.74975	19999998.402	36579827.687	0.272827
103.989781856537	250333675.75	20000001.3430001	36582967.1799999	0.271607
104.98818397522	250333675.75075	20000000.2970001	36571639.8840001	0.272827
106.002185821533	250333675.75025	20000000.186	36554745.079	0.272827
107.000587940216	250333675.74875	19999999.462	36566819.9449999	0.274658
107.998988866806	250333675.7505	20000000.0919999	36555527.9	0.272217
108.997390985489	250333675.75025	19999999.9960001	36560865.827	0.272217
109.995792865753	250333675.7495	19999999.883	36566020.255	0.272217
110.994194984436	250333675.7505	19999999.283	36561035.339	0.272217
111.992595911026	250333675.75	20000001.595	36561720.495	0.272217
112.99099779129	250333675.75	20000000.056	36562408.7190001	0.272827
113.989399909973	250333675.75025	19999999.864	36546222.858	0.272217
114.987802028656	250333675.75025	19999998.931	36536649.273	0.271607
116.001802921295	250333675.7495	19999999.857	36505093.875	0.272827
117.000204801559	250333675.74975	20000001.0550001	36486527.418	0.270996
117.998606920242	250333675.74975	20000000.1689999	36474627.561	0.272217
118.997008800507	250333675.7495	20000000.181	36447500.644	0.272217
119.995409965515	250333675.75025	19999998.681	36419520.389	0.271607
120.993811845779	250333675.7505	20000001.268	36407409.902	0.274048
121.992213964462	250333675.75025	20000000.2180001	36370253.475	0.272827
122.990615844727	250333675.74975	19999999.265	36346594.437	0.272217
123.989017009735	250333675.7505	19999999.563	36301846.69	0.272827
125.003018856049	250333675.7495	20000000.88	36269477.919	0.272217
126.001420974731	250333675.75025	19999999.525	36246492.301	0.272217
126.999822854996	250333675.74975	19999999.733	36193068.063	0.271607
127.998224020004	250333675.74975	20000000.063	36159842.9479999	0.272827
128.996625900269	250333675.75025	19999999.715	36122354.641	0.272217
129.995028018951	250333675.7505	20000000.446	36089254.531	0.272217
130.993429899216	250333675.74975	19999999.961	36067227.3609999	0.271607
131.991830825806	250333675.75	20000000.348	36037467.08	0.273438
132.990232944489	250333675.74975	20000000.268	36001265.232	0.272827
133.988634824753	250333675.75	19999998.745	35967830.395	0.272827
135.002636909485	250333675.75025	20000000.763	35935942.9630001	0.272827
136.001039028168	250333675.75025	19999999.356	35897899.931	0.274048
136.999439954758	250333675.74975	20000001.33	35854063.794	0.273438
137.997841835022	250333675.7495	19999998.273	35785331.9109999	0.272827
138.996243953705	250333675.75125	20000000.889	35722561.1470001	0.274658
139.994645833969	250333675.74875	20000000.176	35676580.994	0.270996
140.993046998978	250333675.7495	20000000.777	35619283.284	0.272827
141.991448879242	250333675.75075	19999998.915	35589017.5059999	0.272827
142.989850997925	250333675.75	20000000.984	35565423.035	0.272827
143.988252878189	250333675.751	19999998.7970001	35522595.771	0.272827
145.002254009247	250333675.74925	20000001.101	35492119.092	0.272827
146.000655889511	250333675.7505	19999999.456	35473629.486	0.273438
146.999058008194	250333675.7475	20000000.401	35422982.237	0.272217
147.997459888458	250333675.752	19999999.524	35415759.242	0.271607
148.995860815048	250333675.75025	20000000.456	35404172.693	0.272217
149.994262933731	250333675.74975	19999999.277	35393275.636	0.274048
150.992664813995	250333675.7495	19999999.573	35388300.97	0.271607
151.991066932678	250333675.75075	20000000.09	35399863.824	0.273438
152.989467859268	250333675.7495	20000000.615	35403652.28	0.274658
154.003469944	250333675.75	20000001.665	35419575.537	0.272827
155.001871824265	250333675.751	19999999.551	35414848.1	0.274048
156.000273942947	250333675.74925	19999999.373	35421096.121	0.272827
156.998674869537	250333675.74975	19999999.682	35421630.928	0.272827
157.99707698822	250333675.7505	20000000.231	35410551.41	0.270996
158.995478868484	250333675.75075	20000000.6140001	35395170.5089999	0.273438
159.993880987167	250333675.749	20000000.6329999	35348534.276	0.273438
160.992281913757	250333675.75	19999999.5990001	35311614.997	0.272827
161.990683794022	250333675.75	19999999.865	35282085.9299999	0.271607
162.989085912704	250333675.7495	20000000.2819999	35259280.3280001	0.273438
164.003087997437	250333675.75075	19999999.76	35228565.046	0.271607
165.001488924026	250333675.74925	19999998.859	35190472.906	0.272827
165.999890804291	250333675.75	20000000.5370001	35147201.661	0.273438
166.998292922974	250333675.75025	20000000.156	35135995.395	0.272217
167.996694803238	250333675.7495	19999999.732	35125272.153	0.274048
168.995095968246	250333675.7505	20000001.051	35121645.798	0.273438
169.993497848511	250333675.7505	19999999.382	35098169.244	0.272827
170.991899967194	250333675.75075	19999999.67	35065989.1980001	0.272217
171.990301847458	250333675.749	19999999.414	35060457.2969999	0.272827
172.988703012466	250333675.74975	20000001.642	35048098.2460001	0.272827
174.00270485878	250333675.75	19999998.9610001	35047779.93	0.273438
175.001106977463	250333675.75025	19999999.589	35041382.231	0.272827
175.999508857727	250333675.74975	19999999.7509999	35038027.427	0.272217
176.99791097641	250333675.75075	20000000.9990001	35051599.803	0.272827
177.996311903	250333675.749	20000000.574	35083298.134	0.272827
178.994714021683	250333675.7505	19999999.261	35154838.846	0.272217
179.993115901947	250333675.75025	20000000.021	35255075.186	0.272827
180.99151802063	250333675.74975	19999999.613	35434413.962	0.273438
181.98991894722	250333675.749	20000000.743	35661769.126	0.273438
182.988320827484	250333675.75075	19999999.805	35934563.933	0.273438
184.002322912216	250333675.75025	20000000.766	36228142.904	0.272827
185.00072479248	250333675.749	19999999.739	36528181.648	0.272217
185.999125957489	250333675.751	19999999.079	36863615.812	0.271607
186.997527837753	250333675.75	19999999.989	37229249.488	0.272217
187.995929956436	250333675.75	20000000.452	37592297.782	0.274048
188.9943318367	250333675.75025	20000000.48	37952587.392	0.272827
189.992733001709	250333675.75025	19999998.576	38274209.628	0.272217
190.991134881973	250333675.7495	20000001.234	38590339.222	0.276489
191.989537000656	250333675.74975	19999999.011	38890369.531	0.274658
193.00353884697	250333675.7505	20000000.854	39194303.896	0.275879
194.001940011978	250333675.7495	19999999.676	39448856.2559999	0.275269
195.000341892242	250333675.74925	20000000.979	39641825.51	0.275879
195.998744010925	250333675.75075	19999998.412	39802222.074	0.27771
196.99714589119	250333675.7505	20000001.82	39944223.843	0.2771
197.99554681778	250333675.749	19999999.47	40062204.334	0.276489
198.993948936462	250333675.74975	19999999.615	40165706.212	0.2771
199.992350816727	250333675.751	20000000.351	40222515.135	0.27832
200.99075293541	250333675.7495	19999999.333	40260618.5879999	0.27771
201.989153862	250333675.75025	19999999.094	40291783.481	0.2771
203.003155946732	250333675.7505	20000000.202	40289148.192	0.278931
204.001557826996	250333675.7505	20000000.1529999	40285805.592	0.27832
204.999959945679	250333675.7495	20000000.5430001	40285453.662	0.27771
205.998360872269	250333675.74975	20000000.3039999	40238312.284	0.27771
206.996762990952	250333675.7495	20000000.7180001	40188069.722	0.27771
207.995164871216	250333675.75025	19999998.539	40123275.885	0.2771
208.993566989899	250333675.7505	20000000.012	40081873.897	0.27832
209.991967916489	250333675.749	20000000.816	40047826.109	0.27771
210.990369796753	250333675.75075	19999998.6770001	40000861.332	0.278931
211.988771915436	250333675.75	20000000.902	39971271.7280001	0.27771
213.002774000168	250333675.75	20000000.521	39931796.477	0.2771
214.001175880432	250333675.74975	19999999.01	39902681.581	0.276489
214.999576807022	250333675.74975	20000000.368	39905597.842	0.2771
215.997978925705	250333675.7505	19999999.4039999	39896124.492	0.2771
216.996380805969	250333675.7505	20000001.635	39869529.382	0.2771
217.994782924652	250333675.75	19999999.3410001	39866094.016	0.2771
218.993183851242	250333675.74875	20000000.0849999	39815084.143	0.275879
219.991585969925	250333675.74975	19999998.649	39772116.008	0.275879
220.989987850189	250333675.75025	20000000.908	39744727.0419999	0.275879
222.003989934921	250333675.7505	20000000.11	39698518.6850001	0.2771
223.002390861511	250333675.7505	20000000.1440001	39684654.112	0.276489
224.000792980194	250333675.75	20000000.4009999	39669460.6979999	0.275879
224.999194860458	250333675.75025	19999998.615	39659567.546	0.276489
225.997596979141	250333675.74975	20000000.4300001	39672096.2340001	0.2771
226.995997905731	250333675.74875	20000000.446	39672487.388	0.275879
227.994400024414	250333675.75075	19999999.795	39701668.438	0.275879
228.992801904678	250333675.75025	20000000.436	39713047.179	0.2771
229.991204023361	250333675.7495	20000000.7230001	39723659.908	0.276489
230.989604949951	250333675.7505	19999998.25	39740108.221	0.27832
232.003606796265	250333675.7505	20000001.239	39756388.571	0.276489
233.002008914948	250333675.75	19999998.831	39752199.345	0.27771
234.000410795212	250333675.74975	20000000.739	39750755.411	0.275879
234.99881196022	250333675.74975	20000000.691	39770466.327	0.275879
235.997213840485	250333675.74925	19999999.25	39778950.557	0.27771
236.995615959167	250333675.75075	19999999.803	39781798.607	0.27771
237.994017839432	250333675.749	20000000.765	39802921.099	0.2771
238.99241900444	250333675.75125	19999999.451	39804147.461	0.2771
239.990820884705	250333675.74925	20000000.542	39809956.818	0.27832
240.989223003387	250333675.7505	19999999.064	39825417.9809999	0.2771
242.003224849701	250333675.7495	20000002.023	39831301.1510001	0.2771
243.001626014709	250333675.75075	19999997.734	39835737.8	0.2771
244.000027894974	250333675.75	20000000.579	39818790.355	0.275879
244.998430013657	250333675.74975	20000000.2880001	39808208.202	0.27771
245.996831893921	250333675.74975	20000000.809	39797985.4299999	0.278931
246.995232820511	250333675.75075	19999999.332	39800562.774	0.27771
247.993634939194	250333675.7495	20000000.795	39790505.979	0.2771
248.992036819458	250333675.75025	19999998.525	39789999.822	0.2771
249.990438938141	250333675.74975	20000000.977	39781135.6799999	0.27832
251.004441022873	250333675.74975	19999999.538	39801209.347	0.27771
252.002841949463	250333675.75025	20000000.095	39834474.166	0.27832
253.001243829727	250333675.7495	19999998.699	39843964.949	0.27771
253.99964594841	250333675.751	20000000.863	39830899.8229999	0.27771
254.998047828674	250333675.74975	20000000.784	39820750.337	0.27832
255.996448993683	250333675.75	20000000.023	39794171.94	0.2771
256.994850873947	250333675.74925	20000000.151	39746283.032	0.276489
257.99325299263	250333675.75	19999999.475	39691126.283	0.275269
258.991654872894	250333675.75	20000000.029	39631300.187	0.276489
259.990055799484	250333675.7495	19999999.291	39582836.7	0.276489
261.004057884216	250333675.75075	20000000.2130001	39533229.891	0.278931
262.002460002899	250333675.75025	20000000.061	39516685.14	0.2771
263.000861883163	250333675.75	20000000.731	39503869.113	0.276489
263.999262809753	250333675.75	19999999.563	39479042.796	0.275269
264.997664928436	250333675.75025	19999999.835	39442071.424	0.2771
265.996066808701	250333675.74975	20000000.012	39400290.399	0.275879
266.994468927383	250333675.7495	19999999.895	39358913.02	0.275269
267.992869853973	250333675.7505	20000000.625	39297881.02	0.280151
268.991271972656	250333675.75	19999998.9590001	39240772.2639999	0.274658
269.989673852921	250333675.7505	20000000.8599999	39198806.437	0.274658
271.003675937653	250333675.7495	19999999.9690001	39162562.681	0.274658
272.002076864243	250333675.74975	19999999.4879999	39135784.985	0.276489
273.000478982925	250333675.7505	20000000.648	39121645.773	0.275879
273.99888086319	250333675.75075	19999999.893	39113437.281	0.274658
274.997282981873	250333675.7495	19999999.6670001	39106091.4349999	0.276489
275.995683908463	250333675.74975	19999998.652	39107952.526	0.274658
276.994086027145	250333675.74875	20000001.625	39117334.748	0.274048
277.99248790741	250333675.751	19999999.4250001	39089589.48	0.275879
278.990890026093	250333675.74975	19999998.854	39105362.905	0.276489
280.004890918732	250333675.75	20000001	39117959.436	0.274658
281.003292798996	250333675.75	20000000.694	39149461.142	0.274048
282.001694917679	250333675.74975	19999999.239	39184519.7080001	0.275879
283.000096797943	250333675.751	20000000.2870001	39203676.4319999	0.275879
283.998497962952	250333675.74975	20000000.324	39227000.182	0.275879
284.996899843216	250333675.74975	20000000.6149999	39273253.215	0.275879
285.995301961899	250333675.74975	19999999.108	39315392.649	0.276489
286.993703842163	250333675.74975	20000000.6	39371722.342	0.275879
287.992105007172	250333675.7505	19999999.275	39415794.607	0.27771
288.990506887436	250333675.75075	20000000.451	39481065.379	0.275879
290.004508972168	250333675.74925	19999999.906	39538760.293	0.27771
291.002910852432	250333675.74975	20000000.465	39600187.209	0.2771
292.001312971115	250333675.74975	19999999.901	39634941.675	0.276489
292.999713897705	250333675.75025	19999999.071	39662959.607	0.27771
293.998116016388	250333675.75	20000000.14	39659078.142	0.2771
294.996517896652	250333675.75	20000000.077	39649010.086	0.2771
295.994920015335	250333675.75075	20000000.514	39650816.6620001	0.27832
296.993320941925	250333675.74975	20000000.058	39636860.2509999	0.275269
297.991722822189	250333675.749	20000000.106	39636238.539	0.2771
298.990124940872	250333675.75075	19999999.9	39627565.6289999	0.2771
300.004127025604	250333675.74975	19999999.4680001	39622020.689	0.276489
301.002527952194	250333675.75025	20000000.702	39581548.814	0.276489
302.000929832459	250333675.75025	19999999.17	39574681.523	0.27771
302.999331951141	250333675.7495	19999999.399	39584266.891	0.276489
303.997733831406	250333675.7515	20000000.84	39577654.442	0.275879
304.996134996414	250333675.7485	19999999.982	39545929.589	0.275879
305.994536876678	250333675.74975	20000000.657	39532384.1	0.275879
306.992938995361	250333675.74975	19999999.143	39530554.3379999	0.2771
307.991340875626	250333675.75075	20000001.3660001	39528355.811	0.2771
309.005342006683	250333675.7505	19999999.286	39529418.8640001	0.276489
310.003743886948	250333675.74975	20000000.147	39537908.3219999	0.276489
311.00214600563	250333675.7495	19999999.536	39563440.835	0.275879
312.000547885895	250333675.75	20000000.559	39575121.724	0.275879
312.998948812485	250333675.74975	20000000.256	39617123.48	0.275879
313.997350931168	250333675.75	19999999.522	39661335.933	0.276489
314.995752811432	250333675.75	20000001.531	39713143.748	0.276489
315.994154930115	250333675.751	19999998.378	39757946.112	0.280151
316.992555856705	250333675.7495	20000001.356	39776635.287	0.2771
317.990957975388	250333675.749	20000000.046	39805388.137	0.275879
319.004959821701	250333675.75025	19999999.676	39841554.044	0.276489
320.003361940384	250333675.751	20000000.261	39878033.222	0.27771
321.001762866974	250333675.74925	19999998.564	39896057.364	0.276489
322.000164985657	250333675.7515	20000000.476	39930215.035	0.27832
322.998566865921	250333675.749	20000000.1060001	39921611.7649999	0.279541
323.996968984604	250333675.75	20000000.99	39908786.159	0.27771
324.995369911194	250333675.75025	19999999.118	39879498.234	0.276489
325.993771791458	250333675.74875	20000000.4569999	39856204.469	0.2771
326.992173910141	250333675.75125	19999999.35	39843985.7830001	0.2771
327.990576028824	250333675.749	20000001.5420001	39802255.6029999	0.2771
329.004577875137	250333675.751	19999998.9169999	39728904.9220001	0.275879
330.002978801727	250333675.74925	19999999.881	39616153.5519999	0.275879
331.00138092041	250333675.751	20000000.288	39548309.9730001	0.275879
