#Menlo Systems GmbH 2009 - Comb Watch v0.9.6
#Measurement from 13.5.2021.
#Begin of the measurement: 15:59:49, 57589 sec after midnight.
#Add 807627589 to get the time since 0:00 of 10th Oct. 1995 = MJD 50000 in seconds.
#
#C0:	timestamp
#C1:	reprate.freq	The actual repetition rate of the comb (calculated from counter0)	Hz
#C2:	offset.freq	Offset beat frequency (see counter1)	Hz	20000000	10
#C3:	counter2.freq	Counter channel 2 frequency	Hz
#C4:	counter2.signal	Signal strength of counter channel 2 input	V
#
#S0:	4
#Statistics settings
#S1:	250294157	0.005
#S2:	20000000	10
#S3:	#
#S4:	#
#
#timestamp	#reprate.freq	#offset.freq	#counter2.freq	#counter2.signal
0.998402118682861	250294156.99925	19999999.553	30609750.181	0.428467
1.99680399894714	250294156.9995	20000000.275	30625725.406	0.430908
3.01080513000488	250294157.0015	20000000.884	30637000.456	0.431519
4.00920701026917	250294156.99875	19999999.649	30829954.323	0.440674
5.00760912895203	250294157.0005	19999999.484	30422219.346	0.430298
6.00601100921631	250294157	20000000.03	30821206.858	0.429077
7.00441217422485	250294156.999	20000000.716	30304557.707	0.427857
8.00281405448914	250294157	20000000.448	30669943.294	0.429688
9.001216173172	250294157.00025	19999998.63	30606641.673	0.429688
9.99961805343628	250294157.00025	20000000.956	30606520.107	0.429077
10.9980189800262	250294157	19999998.691	30501252.861	0.429688
11.9964210987091	250294157.0005	20000001.496	30490437.674	0.426025
13.0104231834412	250294157.00025	19999999.664	30527428.243	0.429688
14.0088250637054	250294156.99975	19999999.489	30524082.12	0.424194
15.0072259902954	250294156.9995	20000000.113	30493366.2869999	0.425415
16.0056281089783	250294157.00075	20000000.28	30423936.804	0.430298
17.0040299892426	250294156.9995	19999999.941	30361117.9	0.430298
18.0024321079254	250294157.00025	20000000.293	30359323.102	0.430908
19.0008330345154	250294156.99975	19999999.678	30477968.3790001	0.430298
19.9992351531982	250294157.00025	19999999.867	30518015.762	0.425415
20.9976370334625	250294156.9995	20000001.099	30504071.886	0.430298
21.9960391521454	250294157.001	19999999.772	30413672.6149999	0.430908
23.0100400447845	250294156.99925	19999999.791	30575615.3710001	0.427246
24.0084421634674	250294157.0005	19999998.945	30527644.235	0.427246
25.0068440437317	250294156.99925	20000001.196	30449228.619	0.431519
26.0052461624146	250294157	19999998.965	30328269.83	0.427857
27.0036470890045	250294157.0005	20000000.316	30385008.199	0.429688
28.0020489692688	250294156.99975	19999999.836	30244454.099	0.428467
29.0004510879517	250294157.00075	20000001.154	30341230.26	0.432739
29.9988529682159	250294156.99925	19999998.7770001	30295813.2920001	0.429688
30.9972541332245	250294157.001	19999999.992	30381432.968	0.427246
32.011255979538	250294156.999	20000000.6439999	30378292.033	0.432739
33.0096580982208	250294156.99975	20000000.154	30477580.51	0.428467
34.0080599784851	250294157	19999999.513	30430504.23	0.431519
35.006462097168	250294157.00075	20000000.295	30374395.236	0.431519
36.0048630237579	250294156.99975	19999999.347	30423407.808	0.430908
37.0032651424408	250294157	19999999.88	30280622.125	0.430908
38.0016670227051	250294157.00025	20000000.451	30293876.962	0.430298
39.0000691413879	250294156.99975	19999999.9500001	30253939.409	0.429077
39.9984700679779	250294157	19999999.4	30252634.992	0.429077
40.9968721866608	250294157.0005	20000000.5830001	30206399.151	0.432129
42.0108740329742	250294156.99925	20000000.196	30293392.331	0.430298
43.0092761516571	250294157	19999999.234	30015955.883	0.438232
44.0076770782471	250294157.00025	20000000.618	29350964.953	0.438232
45.0060789585114	250294156.9995	19999999.711	29430787.836	0.43457
46.0044810771942	250294157.0005	19999999.999	29934480.018	0.429688
47.0028829574585	250294156.99975	20000000.3510001	30374571.669	0.430298
48.001284122467	250294157.0005	19999999.826	30470009.6619999	0.430908
48.9996860027313	250294156.99975	20000000.318	30474437.495	0.426636
49.9980881214142	250294157.00025	20000000.034	30344680.906	0.424194
50.9964900016785	250294156.9995	19999999.775	30389023.742	0.430298
52.0104911327362	250294156.99925	20000000.029	30395846.421	0.430298
53.0088930130005	250294157.0015	20000000.196	30253072.671	0.430298
54.0072951316834	250294156.9995	20000000.063	30194105.327	0.427246
55.0056970119476	250294156.9995	19999999.685	30132122.952	0.430298
56.0040981769562	250294157.00075	19999999.357	30063841.395	0.43396
57.0025000572205	250294156.999	20000000.934	30120756.7080001	0.432129
58.0009021759033	250294157	19999999.596	30096355.9779999	0.43335
58.9993040561676	250294157.00075	20000000.522	30110492.49	0.429077
59.9977049827576	250294156.9995	20000000.169	30215262.1290001	0.428467
60.9961071014404	250294157.00025	20000000.063	30070321.385	0.426636
62.0101091861725	250294157.00075	19999999.097	30186562.1919999	0.432129
63.0085110664368	250294156.9995	20000000.134	30133816.8790001	0.432739
64.0069119930267	250294157.0005	19999999.233	30195514.505	0.430298
65.0053141117096	250294156.999	20000001.564	30277537.5979999	0.427246
66.0037159919739	250294157.001	19999999.576	30400594.37	0.430298
67.0021181106567	250294156.999	19999999.336	30363821.49	0.429688
68.0005190372467	250294157.0005	19999999.987	30408360.986	0.431519
68.9989211559296	250294157.0005	20000000.485	30357498.844	0.424805
69.9973230361938	250294156.99875	19999999.424	30355846.428	0.430298
71.0113251209259	250294157.00125	20000000.152	30393500.896	0.428467
72.0097270011902	250294156.9995	20000000.309	30317605.915	0.429688
73.0081281661987	250294156.9995	19999999.252	30335807.713	0.429688
74.006530046463	250294157.00025	20000000.863	30279879.032	0.426636
75.0049321651459	250294157.0005	20000000.411	30326407.269	0.43335
76.0033340454102	250294156.99975	19999999.705	30242516.115	0.43335
77.0017349720001	250294157.00025	20000000.283	30310241.494	0.43335
78.000137090683	250294156.999	19999999.303	30227379.234	0.43335
78.9985389709473	250294157.00075	20000001.0369999	30313330.521	0.432129
79.9969410896301	250294156.9995	19999999.034	30272029.73	0.430298
81.0109419822693	250294157.00025	20000000.7410001	30241903.485	0.432129
82.0093441009521	250294156.9995	19999999.7919999	30370972.284	0.430298
83.0077459812164	250294157.00125	19999999.581	30298223.027	0.432129
84.0061480998993	250294156.999	20000001.3030001	30362536.669	0.430908
85.0045490264893	250294157.0005	19999998.908	30367582.5979999	0.43335
86.0029511451721	250294157.00025	19999999.622	30372335.977	0.423584
87.0013530254364	250294156.99925	20000000.558	30286924.918	0.429688
87.9997551441193	250294157	20000000.156	30223090.9510001	0.425415
88.9981560707092	250294157.0005	19999999.7819999	30260041.3549999	0.430908
89.9965581893921	250294157	20000000.0840001	30315075.9380001	0.430908
91.0105600357056	250294157.00025	20000000.293	30273245.731	0.431519
92.0089621543884	250294157.00025	19999999.5239999	30339935.8840001	0.430908
93.0073630809784	250294156.999	19999999.605	30390857.7939999	0.432129
94.0057649612427	250294157.00075	20000000.478	30501394.5450001	0.432739
95.0041670799255	250294156.99875	20000000.3449999	30390770.8989999	0.430298
96.0025689601898	250294157.001	19999998.763	30425419.1500001	0.430298
97.0009701251984	250294157.0005	20000000.4690001	30331520.849	0.431519
97.9993720054626	250294156.999	19999999.989	30471248.3989999	0.431519
98.9977741241455	250294157.00075	20000000.507	30474173.0120001	0.432739
100.011775970459	250294156.9995	19999999.655	30476995.239	0.430908
101.010177135468	250294157	20000000.0860001	30480712.984	0.431519
102.008579015732	250294157	19999999.995	30466627.79	0.432129
103.006981134415	250294157.00075	20000000.275	30439492.231	0.432739
104.005383014679	250294157.0005	19999999.541	30338742.082	0.43335
105.003784179688	250294156.99875	20000000.5059999	30466393.596	0.432129
106.002186059952	250294157.00075	19999999.83	30422996.755	0.429688
107.000588178635	250294156.9995	20000000.824	30386606.432	0.425415
107.998990058899	250294157	19999998.605	30367139.892	0.430908
108.997390985489	250294157	20000000.559	30423256.848	0.43335
110.011393070221	250294156.9995	19999999.606	30277529.049	0.430298
111.009795188904	250294156.99975	20000000.079	30270866.452	0.431519
112.008197069168	250294157.0005	19999999.411	30284155.102	0.431519
113.006599187851	250294157	20000000.346	30343326.515	0.430908
114.005000114441	250294157.00025	19999999.484	30392754.387	0.429077
115.003401994705	250294156.9995	20000001.301	30255942.747	0.430298
116.001804113388	250294157.00075	19999999.388	30225836.144	0.426025
117.000205993652	250294157.00025	20000000.406	30164329.616	0.430298
117.998607158661	250294156.9995	19999999.726	30240580.475	0.430298
118.997009038925	250294157.00025	20000000.337	30236985.095	0.428467
120.011011123657	250294157	19999999.843	30244006.258	0.430298
121.009413003922	250294156.99975	19999998.836	30136860.308	0.426636
122.00781416893	250294157.0005	20000000.412	30232704.288	0.431519
123.006216049194	250294156.9995	20000000.598	30072455.169	0.43335
124.004618167877	250294156.9995	19999999.12	30108993.533	0.432129
125.003020048141	250294157.0005	20000001.12	30177744.1589999	0.426636
126.001420974731	250294156.9995	19999999.855	30397688.7520001	0.430908
126.999823093414	250294157	19999999.388	30492780.0879999	0.428467
127.998224973679	250294157.0005	19999999.578	30451926.7410001	0.430298
129.012227058411	250294156.9995	20000000.882	30478725.7739999	0.427857
130.010627985001	250294156.99975	20000000.276	30565588.0020001	0.425415
131.009030103683	250294157.001	20000000.237	30548574.573	0.431519
132.007431983948	250294157	20000000.144	30468846.424	0.431519
133.005834102631	250294156.9995	20000000.307	30553422.7099999	0.430908
134.004235029221	250294157.00075	19999998.589	30530017.0860001	0.430908
135.002637147903	250294156.99925	20000000.067	30378191.994	0.431519
136.001039028168	250294156.99975	20000000.211	30357628.311	0.426636
136.999441146851	250294157.0005	20000000.399	30449874.913	0.426025
137.997842073441	250294157	20000000.1949999	30372102.986	0.430298
139.011844158173	250294157	19999999.4000001	30429619.908	0.43457
140.010246038437	250294157.00075	20000000.474	30443222.794	0.431519
141.00864815712	250294156.999	19999999.6999999	30273553.982	0.432739
142.00704908371	250294156.99975	20000000.0780001	30332942.049	0.430298
143.005450963974	250294157.0005	20000000.3149999	30496975.963	0.430908
144.003853082657	250294156.99925	19999998.383	30375029.118	0.43396
145.002254962921	250294157.00125	20000001.418	30325316.825	0.430908
146.00065612793	250294156.999	20000000.151	30387839.918	0.430298
146.999058008194	250294157	19999999.9630001	30350355.932	0.436401
147.997460126877	250294157.001	20000000.211	30390774.308	0.431519
149.01146197319	250294156.99975	20000000.226	30299374.849	0.430298
150.009864091873	250294156.9995	19999999.304	30126138.277	0.43335
151.008265018463	250294156.99925	20000000.2230001	30166532.569	0.43457
152.006667137146	250294157.00125	19999999.72	30066016.073	0.43396
153.00506901741	250294156.9995	20000000.8379999	30067885.58	0.429688
154.003471136093	250294157.00125	19999999.8560001	30162843.749	0.43396
155.001872062683	250294156.99875	19999999.91	30155159.8610001	0.432739
156.000274181366	250294157	19999999.943	30179332.0389999	0.430908
156.99867606163	250294157	19999999.974	30404831.312	0.43335
158.012678146362	250294157.001	19999999.9250001	30335831.817	0.43457
159.011079072952	250294156.99875	19999999.2939999	30467106.131	0.430908
160.009481191635	250294157.00025	19999999.6390001	30296714.086	0.43335
161.007883071899	250294157.001	20000001.5	30231186.151	0.43457
162.006285190582	250294156.99975	19999999.385	30082148.036	0.432129
163.004686117172	250294156.99925	20000000.822	30075172.8039999	0.43396
164.003087997437	250294157.001	19999999.266	30043238.14	0.432129
165.001490116119	250294156.99925	20000000.376	30116716.018	0.432129
165.999891996384	250294157.0005	19999999.369	30086007.429	0.432739
166.998293161392	250294156.99925	20000000.099	30081859.979	0.43457
168.012295007706	250294156.99975	20000000.243	30062198.2230001	0.430298
169.010697126389	250294157.0005	19999999.571	30170262.076	0.432129
170.009099006653	250294156.99925	19999999.558	30160351.375	0.429688
171.007500171661	250294157	20000000.776	30146454.304	0.432739
172.005902051926	250294157.0005	20000000.082	30164578.997	0.432739
173.004304170609	250294156.9995	19999999.813	30141396.077	0.432129
174.002706050873	250294157.00025	20000000.709	30074528.26	0.43457
175.001106977463	250294157.00075	19999998.521	30119866.325	0.431519
175.999509096146	250294157	20000001.007	30102332.083	0.432739
176.99791097641	250294157	19999999.28	30174981.59	0.427857
178.011913061142	250294157	20000001.115	30515461.702	0.425415
179.010313987732	250294156.9995	19999999.477	30590887.369	0.423584
180.008716106415	250294156.9995	19999998.93	30492218.793	0.430298
181.007117986679	250294157.001	20000000.977	30486252.835	0.429688
182.005520105362	250294156.9995	19999999.697	30602806.824	0.429688
183.003921031952	250294157.00025	20000000.933	30582295.305	0.430298
184.002323150635	250294157	19999999.857	30575174.633	0.429688
185.000725030899	250294156.9995	19999999.8340001	30412382.801	0.426025
185.999127149582	250294157.001	20000000.055	30387557.918	0.430298
187.013128995895	250294156.99975	19999999.4020001	30540955.65	0.430298
188.011530160904	250294156.99975	19999999.711	30506107.102	0.430298
189.009932041168	250294156.9995	19999999.721	30270702.67	0.430298
190.008334159851	250294157.00075	20000000.96	30355865.597	0.432129
191.006736040115	250294157	20000000.152	30312635.722	0.430298
192.005136966705	250294156.99975	20000000.0020001	30341319.765	0.431519
193.003539085388	250294157.00025	19999999.724	30354343.467	0.429688
194.001940965652	250294156.999	19999999.836	30399222.93	0.429688
195.000343084335	250294157.001	20000000.549	30465046.72	0.429688
195.998744010925	250294156.99925	20000000.53	30382971.262	0.429688
197.012746095657	250294156.99975	19999998.919	30416977.003	0.430298
198.011147975922	250294157.00075	19999999.3809999	30377121.5300001	0.429077
199.009550094604	250294156.9995	20000000.9260001	30413990.563	0.427246
200.007951021194	250294157.00075	19999999.2299999	30437736.954	0.429077
201.006353139877	250294157.00025	20000001.0170001	30445238.2589999	0.426636
202.004755020142	250294156.99925	19999999.7279999	30367658.886	0.429688
203.003157138824	250294157	19999999.5650001	30341978.705	0.427246
204.001558065414	250294157.00025	20000000.3069999	30293184.3479999	0.429688
204.999960184097	250294156.99925	19999998.773	30175198.421	0.430908
205.998362064362	250294157.0015	20000001.8410001	30092663.0650001	0.429077
207.012364149094	250294156.999	19999999.66	30120165.735	0.430908
208.010765075684	250294157	19999998.865	30192917.517	0.430908
209.009166955948	250294156.99975	20000000.193	30226379.315	0.430908
210.007569074631	250294156.99975	20000001.227	30244010.148	0.431519
211.005970954895	250294157.00075	19999998.7110001	30280728.064	0.426025
212.004372119904	250294157	20000000.837	30332676.849	0.424194
213.002774000168	250294156.99925	20000000.1329999	30343188.976	0.430908
214.001176118851	250294157	19999999.743	30361787.71	0.432129
214.999577999115	250294157.00075	20000000.036	30393834.857	0.428467
216.013579130173	250294156.99975	20000000.044	30283580.85	0.428467
217.011981010437	250294157	19999999.675	30208709.365	0.425415
218.01038312912	250294157.00075	19999999.398	30196366.358	0.431519
219.008785009384	250294156.9995	20000000.013	30236008.523	0.430298
220.007186174393	250294156.99975	20000000.607	30123607.114	0.429077
221.005588054657	250294157	19999999.596	30107424.943	0.429077
222.00399017334	250294157.001	20000000.156	30165564.992	0.430298
223.002392053604	250294156.99825	20000000.094	30190636.406	0.432739
224.000792980194	250294157.00075	20000000.98	30173885.303	0.430298
224.999195098877	250294157.00025	19999998.991	30281542.005	0.430298
226.013197183609	250294157.00025	19999999.981	30239010.995	0.429077
227.011599063873	250294156.99975	20000000.05	30278022.928	0.426636
228.010001182556	250294157.0005	19999999.875	30218468.416	0.427857
229.008402109146	250294156.99925	19999999.961	30223851.061	0.428467
230.00680398941	250294157.00025	19999999.585	30357717.1390001	0.429688
231.005206108093	250294157	20000001.129	30368136.745	0.429077
232.003607988358	250294157	19999998.703	30386730.3789999	0.430298
233.002009153366	250294156.9995	20000001.369	30403535.368	0.429688
234.00041103363	250294157.00025	19999999.339	30352039.396	0.424805
234.998813152313	250294157.00025	20000000.508	30357955.3889999	0.429077
236.012814998627	250294157	19999999.994	30230771.466	0.429077
237.011216163635	250294156.9995	19999999.865	30165019.3390001	0.430298
238.0096180439	250294157.001	19999999.844	30207035.4879999	0.426025
239.008020162582	250294156.99975	19999999.215	30200544.3820001	0.427246
240.006422042847	250294156.99975	20000000.299	30120142.818	0.428467
241.004822969437	250294156.99975	20000000.8809999	30074779.239	0.429688
242.00322508812	250294157.0005	20000000.3380001	30111214.197	0.430298
243.001626968384	250294156.99925	19999999.601	30144444.5929999	0.432129
244.000029087067	250294157.00075	19999999.054	30132949.351	0.432129
244.998430013657	250294157	20000001.605	30282178.63	0.429688
246.012432098389	250294156.99975	19999999.1289999	30282043.292	0.427857
247.010833978653	250294157	20000000.3110001	30360384.228	0.430908
248.009236097336	250294156.99975	19999999.8989999	30439773.634	0.426636
249.007637023926	250294157.0005	19999999.674	30580192.364	0.426636
250.006039142609	250294157	19999999.665	30629132.646	0.426636
251.004441022873	250294156.99925	20000001.553	30595412.831	0.426636
252.002843141556	250294157.00075	19999999.327	30610708.2	0.425415
253.001244068146	250294156.99975	19999999.641	30548671.429	0.427857
253.999646186829	250294156.9995	20000000.061	30457957.874	0.429077
255.013648033142	250294157	19999999.794	30516779.458	0.421753
256.012050151825	250294156.9995	20000000.5499999	30399078.373	0.425415
257.010451078415	250294157.0005	19999999.1620001	30363180.797	0.430298
258.008852958679	250294157.0005	20000000.7539999	30381358.298	0.428467
259.007255077362	250294156.99975	19999999.945	30329586.493	0.430298
260.005656957626	250294157.00025	19999999.52	30417793.938	0.427857
261.004058122635	250294156.9995	19999999.454	30390737.732	0.426636
262.002460002899	250294157.00025	20000001.174	30332640.027	0.428467
263.000862121582	250294157.00025	19999999.012	30315354.062	0.430298
263.999264001846	250294157	20000000.772	30275692.6849999	0.429688
265.013266086578	250294156.99975	19999999.212	30256781.3430001	0.428467
266.011667013168	250294156.9995	20000000.7180001	30279899.329	0.423584
267.010069131851	250294157.00075	19999999.625	30365670.725	0.427857
268.008471012115	250294156.999	20000000.871	30456276.056	0.426025
269.006873130798	250294157.00075	19999999.411	30424712.387	0.427857
270.005274057388	250294156.9995	20000000.595	30339649.74	0.426636
271.003676176071	250294157.00025	19999999.382	30483497.527	0.427857
272.002078056335	250294157.00075	19999999.577	30481345.926	0.427246
273.000480175018	250294157.00025	20000000.427	30453014.082	0.425415
273.998881101608	250294156.9995	19999999.807	30530763.445	0.426025
275.01288318634	250294157	20000000.148	30604864.9449999	0.423584
276.011285066605	250294156.99925	20000000.087	30531504.944	0.427246
277.009687185287	250294157.00125	20000000.426	30542754.3690001	0.428467
278.008088111877	250294156.999	19999998.847	30443064.4779999	0.427246
279.006489992142	250294157.00075	19999999.507	30468293.533	0.430298
280.004892110825	250294156.999	20000001.866	30379809.822	0.428467
281.003293991089	250294157.00025	19999999.5	30512605.005	0.422363
282.001695156097	250294156.9995	20000000.451	30815007.206	0.423584
283.000097036362	250294157.0005	19999998.512	30920524.741	0.425415
284.014099121094	250294157.0005	19999999.869	30879355.439	0.422363
285.012501001358	250294156.99975	20000001.423	30950769.603	0.426025
286.010902166367	250294156.99975	19999999.074	30926244.887	0.423584
287.009304046631	250294157.001	20000000.801	31026310.23	0.424805
288.007706165314	250294156.9995	19999999.349	30946959.546	0.425415
289.006108045578	250294156.99975	19999999.778	31041257.852	0.417481
290.004508972168	250294157.00025	20000000.197	30893380.721	0.424805
291.002911090851	250294157	19999999.497	30906527.136	0.428467
292.001312971115	250294157.00025	20000000.327	30909353.547	0.424194
292.999715089798	250294157.00025	20000000.083	31006207.569	0.424194
294.013715982437	250294156.9995	19999999.853	30869949.633	0.426025
295.01211810112	250294156.99975	20000000.3840001	30831789.192	0.426025
296.010519981384	250294157.0005	20000000.12	30845459.745	0.428467
297.008922100067	250294157	19999999.393	30742931.602	0.425415
298.007323026657	250294157	20000000.7179999	30746995.7689999	0.427246
299.00572514534	250294157	19999999.64	30763060.3790001	0.427246
300.004127025604	250294156.99975	20000000.158	30840008.647	0.426025
301.002529144287	250294156.9995	19999999.388	30926072.465	0.427246
302.000930070877	250294157.00025	20000000.4580001	30947538.47	0.426636
302.99933218956	250294156.99925	19999999.865	30887094.0519999	0.426636
304.013334035873	250294157.00125	19999999.5639999	30949811.059	0.425415
305.011736154556	250294156.9995	20000000.467	30995959.732	0.427857
306.010138034821	250294157	19999999.6260001	30985621.0370001	0.426025
307.008538961411	250294156.99975	20000000.235	30969632.411	0.427246
308.006941080093	250294157.00075	20000000.23	30878598.265	0.426636
309.005342960358	250294156.9995	20000000.596	30743447.5829999	0.426636
310.003745079041	250294157	20000000.2640001	30790423.929	0.427857
311.00214600563	250294157	19999999.8279999	30795096.2029999	0.427857
312.000548124313	250294157.00025	19999999.307	30762475.0880001	0.427857
313.014549970627	250294156.99975	19999999.314	30861172.998	0.422974
314.01295208931	250294157.0005	20000002.237	30800613.351	0.424805
315.0113530159	250294156.99875	19999999.326	30911897.944	0.427246
316.009755134583	250294157.00075	19999999.048	30998309.244	0.425415
317.008157014847	250294156.9995	20000000.303	31070043.678	0.426025
318.00655913353	250294157	19999999.8480001	31028565.186	0.425415
319.00496006012	250294156.99975	20000000.4399999	31069709.753	0.424805
320.003362178802	250294157	20000000.161	31180956.734	0.419922
321.001764059067	250294157.00025	19999999.969	31069571.908	0.427246
322.00016617775	250294157.00075	19999999.664	31034804.586	0.426636
323.014167070389	250294157.0005	20000000.323	31064013.526	0.427857
324.012569189072	250294157	19999999.424	31145373.162	0.427857
325.010971069336	250294156.99975	20000000.713	31098579.886	0.426025
326.009373188019	250294157	19999999.969	31173309.02	0.424805
327.007774114609	250294156.9995	19999998.867	31224669.705	0.424194
328.006175994873	250294156.99925	20000000.784	31250736.775	0.422363
329.004578113556	250294157.002	19999999.457	31259697.196	0.424194
330.00297999382	250294156.999	20000000.741	31342651.046	0.427857
331.001381158829	250294157	19999999.533	31250767.009	0.424805
331.999783039093	250294156.9995	20000000.728	31307798.091	0.426025
333.013785123825	250294156.99975	19999999.876	31149780.886	0.426636
334.012187004089	250294157	19999999.873	31401808.674	0.424805
335.010588169098	250294157.001	19999999.022	31366076.0539999	0.419312
336.008990049362	250294156.99975	20000001.565	31268467.9500001	0.424805
337.007392168045	250294157.00025	19999998.877	31312830.895	0.426636
338.005794048309	250294156.99875	19999999.505	31249165.077	0.424194
339.004194974899	250294157.00075	20000000.136	31306580.327	0.424194
340.002597093582	250294157.00025	19999999.765	31338566.3759999	0.426025
341.000998973846	250294157	20000000.474	31229255.284	0.426636
342.015001058578	250294157.00025	20000001.245	31481592.067	0.422363
343.013403177261	250294156.99975	19999998.318	31412337.806	0.422363
344.011804103851	250294157	20000000.452	31457251.992	0.424805
345.010205984116	250294157.0005	20000000.486	31419228.809	0.421753
346.008608102798	250294156.99925	19999999.501	31522635.497	0.421143
347.007009983063	250294156.99975	20000000.634	31694654.1670001	0.420532
348.005411148071	250294157	20000000.046	31710905.3379999	0.422363
349.003813028336	250294157.00075	19999999.337	31642464.88	0.420532
350.002215147018	250294156.99925	20000000.252	31647640.226	0.422974
351.000617027283	250294157	19999999.3130001	31708575.059	0.422363
352.01461815834	250294157.00075	20000000.4929999	31739395.158	0.420532
353.013020038605	250294157	19999999.7490001	31846615.69	0.423584
354.011422157288	250294156.999	20000000.9749999	31732230.426	0.422974
355.009824037552	250294157.00075	19999999.9170001	31681951.126	0.420532
356.008224964142	250294156.99975	20000001.008	31870702.045	0.421143
357.006627082825	250294157.00025	19999998.1749999	31889669.467	0.420532
358.005028963089	250294157.00025	20000000.905	31949162.988	0.421143
359.003431081772	250294157	19999999.0070001	31841232.769	0.418701
360.001832008362	250294157.0005	19999999.961	31880522.9	0.419312
361.000234127045	250294156.9995	20000000.219	31787663.962	0.424805
362.014235973358	250294156.99975	20000001.183	31897694.863	0.419922
363.012638092041	250294156.99975	19999998.4920001	31939960.445	0.423584
364.011039018631	250294157	20000001.153	31857607.693	0.424194
365.009441137314	250294156.99975	19999999.4599999	31818782.752	0.424194
366.007843017578	250294157	20000000.1140001	32126200.053	0.421143
367.006245136261	250294157.00075	20000000.4619999	32450825.6500001	0.421143
368.004646062851	250294157	19999998.896	32249459.319	0.422363
369.003048181534	250294156.99975	20000000.0930001	32219381.1129999	0.418091
370.001450061798	250294156.999	19999999.875	32203208.3920001	0.421143
371.01545214653	250294157.00025	20000000.7869999	32271890.8579999	0.417481
372.01385307312	250294157.0005	20000000.039	32197822.1290001	0.422363
373.012255191803	250294157.00025	20000000.186	32192002.726	0.420532
374.010657072067	250294156.9995	19999999.1110001	32202854.448	0.420532
375.00905919075	250294157.0005	19999999.1489999	32194910.7190001	0.419312
376.00746011734	250294157.00025	20000001.634	32258765.168	0.417481
377.005861997604	250294156.99975	19999999.982	32239959.03	0.422363
378.004264116287	250294157.00025	20000000.679	32204741.1	0.421753
379.002665996552	250294157.00025	19999999.015	32258853.438	0.417481
380.00106716156	250294156.99875	20000000.464	32210375.178	0.419312
381.015069007874	250294157.00075	20000000.125	32239740.4610001	0.418091
382.013471126556	250294156.99975	19999998.212	32340352.457	0.418701
383.011873006821	250294156.9995	20000001.022	32458782.731	0.419922
384.010275125504	250294157.001	19999999.649	32410089.941	0.419312
385.008676052094	250294156.99975	20000001.152	32515771.169	0.41626
386.007078170776	250294156.99975	19999999.155	32412042.42	0.420532
387.005480051041	250294157.0005	20000000.354	32504734.704	0.414429
388.003882169724	250294157	20000000.02	32645585.006	0.417481
389.002283096313	250294156.99925	19999999.611	32581616.443	0.417481
390.000684976578	250294157.0005	20000000.306	32717794.438	0.41626
391.01468706131	250294156.99975	20000000.622	32707474.869	0.419312
392.013089179993	250294156.99975	19999999.172	32726102.588	0.41626
393.011490106583	250294157.00025	20000000.188	32833006.754	0.41626
394.009891986847	250294157	20000000.04	32926569.147	0.41687
395.00829410553	250294157	19999999.704	33073035.13	0.414429
396.006695985794	250294157.00025	20000000.013	33181206.073	0.41626
397.005097150803	250294157.00025	20000000.236	32978338.021	0.415649
398.003499031067	250294156.999	20000000.251	33080989.652	0.415649
399.00190114975	250294157.0005	19999998.837	33144774.962	0.412598
400.000303030014	250294157.00025	20000000.44	33039073.0109999	0.418091
401.014304161072	250294156.9995	20000000.688	33086338.4510001	0.413208
402.012706041336	250294157.0005	19999999.846	33043103.4679999	0.415649
403.011108160019	250294156.99925	19999999.711	33163868.9810001	0.41626
404.009510040283	250294157.00025	20000000.411	32943775.2359999	0.41626
405.007910966873	250294157	19999999.154	32742961.012	0.418701
406.006313085556	250294156.9995	20000000.0209999	32670096.758	0.41687
407.00471496582	250294157.0015	19999999.945	32805284.717	0.418091
408.003117084503	250294157	20000000.868	32688144.556	0.421753
409.001518011093	250294156.99925	20000000.2539999	32729333.29	0.421143
410.015520095825	250294156.99975	19999999.429	32726716.722	0.418091
411.013921976089	250294156.9995	19999999.031	32824385.0220001	0.41687
412.012324094772	250294157.00125	20000000.406	32901485.271	0.414429
413.010725021362	250294156.9995	20000001.533	32773587.5749999	0.41687
414.009127140045	250294156.99975	19999999.313	32734413.58	0.418091
415.007529020309	250294157.0005	20000000.055	32620652.812	0.417481
416.005931138992	250294156.99925	19999999.945	32668752.367	0.418701
417.004332065582	250294157.00025	19999999.117	32481288.854	0.419312
418.002734184265	250294157.0005	20000000.5830001	32421431.097	0.419312
419.001136064529	250294156.99925	19999998.75	32342852.472	0.421143
420.015138149261	250294157.0005	20000000.5619999	32741501.637	0.41626
421.013540029526	250294157.00025	20000000.1900001	33182171.08	0.41687
422.011940956116	250294157.00025	20000000.554	33156539.255	0.410156
423.010343074799	250294156.99875	19999999.8429999	33059677.118	0.414429
424.008744955063	250294157.00025	19999999.914	33073689.381	0.415649
425.007147073746	250294157.001	20000000.2969999	33022857.985	0.411987
426.005548000336	250294156.999	20000000.84	32971636.22	0.41687
427.003950119019	250294157.00125	20000000.1770001	32954150.216	0.41687
428.002351999283	250294157	19999998.6719999	32817253.174	0.418091
429.000754117966	250294157	19999999.665	32845796.635	0.41626
430.014755010605	250294156.99825	20000000.358	32896557.898	0.418091
431.013157129288	250294157.0005	20000000.282	32806027.7999999	0.412598
432.011559009552	250294157.001	19999999.798	32944295.6290001	0.411987
433.009961128235	250294156.99925	20000000	32981177.308	0.41626
434.008362054825	250294157	20000000.238	33241653.816	0.413208
435.006764173508	250294157.00025	20000000.457	33210935.618	0.415649
436.005166053772	250294156.99975	19999999.165	32972279.891	0.415039
437.003568172455	250294156.99975	19999999.926	32933558.9039999	0.41687
438.001969099045	250294157.0015	20000000.47	32882817.4220001	0.41687
439.015971183777	250294156.99825	19999999.884	32886015.3789999	0.417481
440.014373064041	250294157.00025	20000000.558	32843284.13	0.417481
441.012775182724	250294157.00075	19999999.051	32904719.4500001	0.41687
442.011176109314	250294156.99975	20000000.488	33122478.974	0.415039
443.009577989578	250294157.00025	19999999.531	32963633.678	0.41626
444.007980108261	250294156.9995	19999999.978	32955350.0370001	0.413818
445.006381988525	250294157.00075	20000000.518	33113063.174	0.415039
446.004783153534	250294156.99925	19999999.365	32961505.998	0.41687
447.003185033798	250294157	20000000.419	33059321.7049999	0.418701
448.001587152481	250294157.00075	19999999.818	32892037.482	0.413208
449.015588998795	250294156.9995	20000000.714	32931599.487	0.41626
450.013990163803	250294157.00025	19999999.765	32956189.427	0.417481
451.012392044067	250294156.99975	19999999.316	33049773.795	0.415039
452.01079416275	250294157.00025	20000000.815	33120041.635	0.415649
453.009196043015	250294156.9995	19999999.889	33203991.555	0.415039
454.007596969604	250294157.001	20000000.647	33216789.246	0.41687
455.005999088287	250294156.99825	19999999.2460001	33168682.357	0.411987
456.004400968552	250294157.00075	19999999.8099999	33061451.9	0.414429
457.002803087235	250294156.9995	20000000.816	33138909.084	0.417481
458.001204013824	250294157.001	19999998.641	33058060.117	0.414429
459.015206098557	250294156.99975	20000000.165	33147592.564	0.413208
460.013607978821	250294156.99975	20000001.1600001	33211002.147	0.415039
461.012010097504	250294157.0005	19999998.2279999	33110226.415	0.414429
462.010411977768	250294157.00025	19999999.7700001	33042466.26	0.410767
463.008813142776	250294156.99975	20000001.0159999	33051028.543	0.410767
464.007215023041	250294157	20000000.536	33063452.619	0.413208
465.005617141724	250294157	20000000.168	33181404.464	0.415039
466.004019021988	250294157.0005	19999998.931	33138508.2460001	0.412598
467.002420186996	250294156.99975	20000000.788	33292686.202	0.413208
468.01642203331	250294156.99975	19999999.2490001	33220660.132	0.413818
469.014824151993	250294156.99975	20000000.2689999	33185993.339	0.413208
470.013226032257	250294157	20000000.5520001	33253597.3529999	0.413818
471.011626958847	250294156.9995	19999999.3890001	33291207.4410001	0.41626
472.01002907753	250294157.0015	20000000.196	33646357.0749999	0.413208
473.008430957794	250294156.999	20000000.523	33574523.2690001	0.413818
474.006833076477	250294157.00025	19999999.2759999	33345011.7999999	0.412598
475.005234003067	250294157	20000000.7310001	33309365.183	0.413818
476.00363612175	250294157	19999999.233	33254347.587	0.413208
477.002038002014	250294156.9995	20000000.12	33318068.5910001	0.415649
478.016040086746	250294157.00025	20000001.163	33319841.099	0.414429
479.014441013336	250294157.00025	19999999.061	33223509.9729999	0.415039
480.012843132019	250294157.0005	19999999.482	33273136.933	0.415039
481.011245012283	250294156.9995	20000000.623	33193666.682	0.414429
482.009647130966	250294157.00025	20000001.354	33205442.64	0.415039
483.008048057556	250294156.9995	19999998.09	33158760.854	0.41687
484.006450176239	250294157.00025	19999999.856	33111015.913	0.414429
485.004852056503	250294157	20000000.973	33141521.463	0.414429
486.003254175186	250294156.99925	19999999.678	33249209.757	0.415039
487.001655101776	250294157.00025	19999999.907	33264995.966	0.414429
488.015657186508	250294157.00075	20000000.385	33072553.87	0.418091
489.014059066772	250294157	19999999.81	32995920.102	0.413818
490.012461185455	250294156.99975	19999999.957	33019317.189	0.414429
491.010862112045	250294156.99975	19999999.121	33099484.391	0.411377
492.00926399231	250294157.00075	20000000.889	33232489.588	0.413818
493.007666110992	250294156.99925	19999999.673	33262984.472	0.414429
494.006067991257	250294157	20000000.355	33327290.048	0.415039
495.004469156265	250294156.9995	20000000.087	33274932.817	0.413818
496.00287103653	250294157.00075	19999999.695	33301633.424	0.413818
497.016873121262	250294157.00025	20000000.762	33227888.1359999	0.414429
498.015275001526	250294156.99925	19999999.825	33281668.0450001	0.413818
499.013677120209	250294157.0005	19999999.613	33247426.106	0.41626
500.012078046799	250294156.99925	19999999.718	33187029.087	0.41687
501.010480165482	250294157.00125	19999999.818	33155244.649	0.417481
502.008882045746	250294156.9995	20000000.993	33187039.694	0.415649
503.007284164429	250294157	19999999.452	33222082.7129999	0.41626
504.005685091019	250294157	19999999.374	33248963.682	0.413818
505.004086971283	250294156.99975	19999999.672	33197265.765	0.415649
506.002489089966	250294157.0005	20000000.435	33406853.619	0.413818
507.016491174698	250294156.99975	20000000.176	33258215.7030001	0.417481
508.014892101288	250294156.99975	20000000.5930001	33141160.393	0.414429
509.013293981552	250294157.00025	19999999.904	33217931.2409999	0.417481
510.011696100235	250294157	20000000.3609999	33291407.725	0.415649
511.010097980499	250294157.00025	19999999.773	33321116.025	0.415039
512.008499145508	250294156.99975	19999999.6780001	33456678.213	0.413818
513.006901025772	250294157.0005	20000000.5319999	33476689.075	0.41626
514.005303144455	250294156.99925	19999999.217	33448489.537	0.415649
515.003705024719	250294157	20000000.571	33380132.098	0.415039
516.002106189728	250294157.00025	19999999.044	33385786.052	0.414429
517.016108036041	250294157.00025	20000000.7999999	33296725.951	0.417481
518.014510154724	250294156.99975	20000000.092	33268807.592	0.41687
519.012912034988	250294157.0005	19999999.916	33230534.335	0.418091
520.011312961578	250294156.999	19999999.1390001	33198238.111	0.418701
521.009715080261	250294157.00075	20000000.8299999	33196292.349	0.415039
522.008116960526	250294156.99975	20000001.028	33145570.568	0.415649
523.006519079208	250294157.0005	19999998.738	33129811.622	0.417481
524.004920005798	250294156.9995	20000000.132	33184630.042	0.415039
525.003322124481	250294156.99925	20000000.625	33140919.468	0.415649
526.017323970795	250294157.00075	19999998.605	33178604.523	0.41687
527.015726089478	250294156.9995	20000000.786	33255706.062	0.414429
528.014127016068	250294157	19999999.4630001	33300152.79	0.414429
529.01252913475	250294157	20000000.492	33261431.671	0.411377
530.010931015015	250294157.0005	19999999.8609999	33355494.414	0.41687
531.009333133698	250294156.99975	20000000.109	33378766.323	0.41687
532.007734060287	250294157.00025	20000000.4640001	33207587.156	0.411987
533.00613617897	250294156.99925	20000000.3419999	33211806.045	0.415039
534.004538059235	250294157.00025	19999999.327	33211633.467	0.415649
535.002940177917	250294157.00075	20000000.301	33201254.452	0.41687
536.016941070557	250294156.99925	19999999.872	33172038.869	0.41687
537.01534318924	250294157.00025	19999999.618	33100983.8690001	0.417481
538.013745069504	250294157.0005	20000000.276	33183396.49	0.41626
539.012147188187	250294156.99975	20000000.552	33168107.026	0.41687
540.010549068451	250294156.9995	19999999.874	33069362.035	0.413208
541.008949995041	250294157.0005	19999999.652	33111836.931	0.414429
542.007352113724	250294157.0005	19999999.656	33230319.444	0.413818
543.005753993988	250294156.99925	20000000.376	33313707.476	0.413208
544.004156112671	250294157.00025	19999999.615	33223108.256	0.414429
545.002557039261	250294156.99975	20000000.242	33358825.148	0.413818
546.016559123993	250294157	20000000.24	33343825.054	0.414429
547.014961004257	250294157	20000000.224	33218977.052	0.415039
548.01336312294	250294156.99975	19999998.692	33219276.098	0.414429
549.01176404953	250294157.00025	20000000.742	33240115.923	0.41687
550.010166168213	250294156.99975	20000000.729	33096302.831	0.414429
551.008568048477	250294157.00075	19999998.722	33064773.758	0.419312
552.00697016716	250294157	20000000.998	33150454.433	0.41687
553.00537109375	250294156.9995	19999999.417	33230898.132	0.412598
554.003772974014	250294157.00025	20000000.297	33337651.252	0.413208
555.002175092697	250294156.999	19999999.84	33478298.948	0.415649
556.016177177429	250294157.00125	19999999.584	33313053.87	0.411377
557.014578104019	250294157	20000001.173	33284072.404	0.415039
558.012979984283	250294156.99975	19999999.118	33429560.503	0.41626
559.011382102966	250294156.999	20000000.484	33500236.6210001	0.411987
560.009783983231	250294157.00025	19999999.486	33599462.828	0.414429
561.008185148239	250294157	20000000.078	33590834.441	0.412598
562.006587028503	250294157.0005	19999999.636	33398768.577	0.413818
563.004989147186	250294156.99975	19999999.821	33316212.1589999	0.415039
564.003391027451	250294156.99975	20000000.663	33275589.309	0.410767
565.017392158508	250294157.00075	19999999.117	33373642.5450001	0.413818
566.015794038773	250294156.99925	19999999.397	33456727.676	0.412598
567.014196157455	250294157.0005	20000001.074	33479094.2709999	0.411377
568.01259803772	250294156.9995	20000000.437	33559141.0450001	0.410767
569.01099896431	250294157.001	19999999.4580001	33558704.806	0.415039
570.009401082993	250294156.99975	20000000.9319999	33687323.281	0.413208
571.007802963257	250294156.9995	19999999.4960001	33709800.7279999	0.410767
572.00620508194	250294157.00075	19999999.9859999	33720421.8480001	0.412598
573.00460600853	250294156.99975	19999999.965	33733496.752	0.410767
574.003008127213	250294156.99975	20000001.062	33767387.27	0.411987
575.017009973526	250294157.00025	19999999.586	33616348.284	0.414429
576.015412092209	250294157.00025	19999998.7000001	33597685.71	0.409546
577.013813972473	250294156.99925	20000000.612	33442666.357	0.413818
578.012215137482	250294157.00075	20000000.972	33231734.017	0.413818
579.010617017746	250294156.999	19999999.635	33085690.728	0.412598
580.009019136429	250294157.00075	19999998.551	33358551.977	0.410767
581.007421016693	250294156.99975	20000001.225	33443834.596	0.414429
582.005822181702	250294157.0005	20000000.265	33569891.618	0.415039
583.004224061966	250294156.9995	19999999.3329999	33558826.192	0.411987
584.002626180649	250294157.00075	20000000.2920001	33658581.75	0.413818
585.016628026962	250294156.99875	19999999.6849999	33820157.374	0.415039
586.015029191971	250294157.0005	20000000.6750001	33776574.542	0.412598
587.013431072235	250294156.99975	19999999.839	33750288.851	0.414429
588.011833190918	250294157.0005	20000000.905	33748250.835	0.413208
589.010235071182	250294156.99975	19999998.516	33810769.15	0.410156
590.008635997772	250294157	20000000.904	33665668.066	0.413818
591.007038116455	250294157.00025	19999998.916	33528834.491	0.414429
592.005439996719	250294156.99975	20000000.818	33471556.8469999	0.415039
593.003842115402	250294157.0005	20000000.448	33533078.327	0.413208
594.017843008041	250294157.00025	19999999.268	33434745.867	0.41626
595.016245126724	250294156.99875	20000000.744	33350572.011	0.414429
596.014647006989	250294157.00025	19999999.853	33508745.478	0.415649
597.013049125671	250294157.00025	19999999.141	33520518.9369999	0.414429
598.011450052261	250294157.0005	19999999.51	33515184.975	0.417481
599.009852170944	250294157.00025	20000000.225	33513966.853	0.41687
600.008254051209	250294156.99925	20000000.299	33504666.7759999	0.415649
601.006656169891	250294156.9995	20000000.454	33594136.067	0.411987
602.005057096481	250294157.00025	19999999.93	33590848.049	0.410767
603.003458976746	250294156.99975	19999999.633	33717514.595	0.413208
604.017461061478	250294157.001	20000000.129	33823562.5389999	0.413818
605.015863180161	250294156.9995	19999999.752	33865704.7240001	0.413818
606.01426410675	250294157	19999999.697	33732342.684	0.410156
607.012665987015	250294156.99975	20000000.237	33826228.2539999	0.410156
608.011068105698	250294157.00075	20000000.856	33809895.675	0.413818
609.009469985962	250294156.99975	19999999.022	33823028.186	0.415039
610.00787115097	250294156.99975	20000000.234	33784996.965	0.409546
611.006273031235	250294157.00025	19999998.988	33841651.537	0.411377
612.004675149918	250294156.9995	20000000.611	33795745.061	0.415649
613.003077030182	250294157.0005	20000001.021	33654508.701	0.415039
614.01707816124	250294156.99975	19999999.937	33539164.814	0.412598
615.015480041504	250294156.99975	20000000.424	33471490.789	0.415039
616.013882160187	250294156.99975	19999998.683	33547289.853	0.417481
617.012284040451	250294157.0005	20000000.844	33443146.9	0.413818
618.010686159134	250294157.00025	19999999.837	33478437.566	0.41687
619.009087085724	250294156.99925	19999999.791	33487868.914	0.413208
620.007488965988	250294156.9995	19999999.3149999	33605007.708	0.413208
621.005891084671	250294157.00125	20000001.184	33663233.911	0.413818
622.004292964935	250294156.99975	20000000.385	33635142.596	0.413208
623.018294095993	250294156.99975	19999998.899	33632466.263	0.415039
624.016695976257	250294157.0005	19999999.964	33630540.118	0.412598
625.01509809494	250294156.99975	20000001.0140001	33637220.5819999	0.410767
626.013499975204	250294157.0005	19999999.405	33679934.939	0.413208
627.011901140213	250294156.99975	20000000.8789999	33571379.39	0.415039
628.010303020477	250294156.99975	19999998.663	33692355.166	0.415649
629.00870513916	250294156.99975	20000000.1770001	33453598.8620001	0.417481
630.007107019424	250294157.00025	19999999.951	33512786.979	0.414429
631.005508184433	250294157	20000001.529	33564614.4449999	0.414429
632.003910064697	250294157.001	19999999.145	33419122.186	0.413818
633.017912149429	250294156.99925	19999999.404	33440176.771	0.413208
634.016314029694	250294156.99975	19999999.9959999	33448205.306	0.409546
635.014714956284	250294157	19999999.5040001	33391600.804	0.413818
636.013117074966	250294157.00025	20000001.2839999	33335648.401	0.414429
637.011518955231	250294156.9995	19999998.954	33341993.957	0.411377
638.009921073914	250294157.00075	19999999.9430001	33368929.823	0.414429
639.008322000504	250294157	20000000.265	33345671.128	0.415039
640.006724119186	250294156.99975	20000000.3019999	33383669.359	0.414429
641.005125999451	250294156.99975	20000000.449	33354762.473	0.415039
642.003528118134	250294157.00025	19999999.524	33352939.423	0.413818
643.017529010773	250294156.9995	20000000.528	33413139.942	0.411987
644.015931129456	250294157.0005	19999999.178	33513422.505	0.412598
645.01433300972	250294157	19999999.569	33542956.213	0.413818
646.012735128403	250294156.99975	20000000.884	33547650.901	0.413208
647.011136054993	250294157	20000000.648	33520700.729	0.413208
648.009538173676	250294157.00025	19999999.423	33585557.333	0.415039
649.00794005394	250294157.00075	19999999.404	33554671.847	0.414429
650.006342172623	250294156.99925	20000000.22	33618092.624	0.415039
651.004743099213	250294156.99975	19999999.408	33553311.679	0.413818
652.018745183945	250294156.9995	20000000.35	33648410.128	0.413818
653.017147064209	250294156.99975	20000000.409	33590521.452	0.415039
654.015549182892	250294157.00075	19999999.606	33571926.181	0.413818
655.013951063156	250294156.99975	20000000.798	33641154.394	0.41687
656.012351989746	250294156.99975	19999999.815	33572522.314	0.415649
657.010754108429	250294157.0005	19999999.672	33603503.007	0.413208
658.009155988693	250294156.99975	19999999.501	33542471.86	0.415039
659.007558107376	250294156.99975	20000000.179	33500932.312	0.417481
660.005959033966	250294157.00025	19999999.257	33525295.151	0.41626
661.004361152649	250294157.00075	20000001.1	33589123.5649999	0.414429
662.018362998962	250294156.9995	19999999.422	33657360.5880001	0.415649
663.016765117645	250294156.9995	20000000.754	33605249.3889999	0.41626
664.015166044235	250294157.0005	19999999.323	33713197.857	0.415039
665.013568162918	250294157	20000000.311	33800905.4940001	0.41626
666.011970043182	250294156.9995	20000000.182	33933522.084	0.413208
667.010372161865	250294157.00025	20000000.391	33957349.165	0.414429
668.008773088455	250294157	20000000.554	34007637.383	0.413208
669.007174968719	250294157	19999998.988	34062870.597	0.415039
670.005577087402	250294157.00025	19999999.993	34116708.762	0.413818
671.003978967667	250294156.99975	19999999.853	34071919.8280001	0.413818
672.017980098724	250294157.0005	19999999.8019999	34054390.7279999	0.413208
673.016381978989	250294156.99925	20000000.7360001	34029692.907	0.413208
674.014784097672	250294157	19999998.855	33997663.883	0.407715
675.013185977936	250294157.0005	20000001.056	34147224.144	0.409546
676.011587142944	250294156.99975	20000000.028	34080835.823	0.411987
677.009989023209	250294156.99975	19999998.9549999	34098645.075	0.412598
678.008391141891	250294157.00025	20000000.046	34204457.487	0.411377
679.006793022156	250294157.00025	20000000.945	34280730.433	0.410767
680.005194187164	250294156.99975	19999998.761	34261260.745	0.411377
681.019196033478	250294156.99975	20000001.2609999	34110364.77	0.412598
682.017598152161	250294157.00125	19999999.8510001	34049836.599	0.413208
683.016000032425	250294156.99825	19999999.778	34029532.625	0.410767
684.014400959015	250294157.0015	19999999.4779999	33949749.463	0.408936
685.012803077698	250294156.99925	20000000.564	34071964.138	0.411377
686.011204957962	250294157	19999999.215	34108390.581	0.413208
687.009607076645	250294157.00125	20000000.978	34157013.692	0.410156
688.008008003235	250294156.99825	19999999.163	34205257.465	0.408936
689.006410121918	250294157.00075	20000000.9	34107690.071	0.411377
690.004812002182	250294157.00025	19999999.734	34115677.309	0.410156
691.018814086914	250294157.00025	20000000.497	34190571.878	0.408936
692.017215013504	250294157	19999999.774	34198834.6439999	0.409546
693.015617132187	250294156.999	19999999.712	34134586.074	0.411987
694.014019012451	250294157.001	20000000.214	34146682.393	0.414429
695.012421131134	250294156.99975	20000000.455	34100081.789	0.411987
696.010823011398	250294157	20000000.7859999	34148554.124	0.407715
697.009224176407	250294156.9995	19999998.733	34139172.005	0.413208
698.007626056671	250294157.00075	19999999.495	34053919.0520001	0.411377
699.006028175354	250294156.9995	19999999.727	34106670.567	0.408936
700.004430055618	250294157.0005	20000000.902	34117755.635	0.410767
701.018431186676	250294156.99925	19999999.808	34296473.834	0.408936
702.01683306694	250294157.00025	20000000.033	34310884.416	0.410767
703.015235185623	250294156.99775	20000000.314	34244226.3759999	0.410767
704.013637065887	250294157.002	19999999.247	34248737.2	0.407715
705.012037992477	250294157.00025	19999999.978	34215186.778	0.407715
706.01044011116	250294156.99975	20000000.133	34140987.208	0.410767
707.008841991425	250294157.0005	20000000.042	34211781.613	0.410767
708.007244110107	250294157.00025	20000000.586	34078371.011	0.413208
709.005645036697	250294156.9995	19999999.545	33987223.734	0.408325
710.019647121429	250294157	20000000.695	34030250.837	0.411377
711.018049001694	250294157.00025	20000000.193	33975153.091	0.410156
712.016451120377	250294156.99975	19999998.053	34006937.338	0.411377
713.014852046967	250294157.0005	20000000.28	33882251.457	0.411377
714.013254165649	250294157	20000001.207	34026198.99	0.410767
715.011656045914	250294156.99975	19999998.862	33974352.575	0.411377
716.010058164597	250294156.999	20000001.919	33954271.897	0.411987
717.008459091187	250294157.00025	19999999.373	33901441.711	0.411987
718.006860971451	250294157.0005	19999999.053	33961354.019	0.411987
719.005263090134	250294157.0005	20000000.74	33813815.269	0.408936
720.019265174866	250294156.99975	20000000.208	33995857.841	0.411987
721.017666101456	250294157.00025	19999999.496	33943628.873	0.410156
722.01606798172	250294156.9995	20000000.516	33851584.812	0.409546
723.014470100403	250294157.00075	19999999.685	33825091.517	0.412598
724.012871980667	250294157.00025	20000000.9909999	33836247.2460001	0.41687
725.011273145676	250294156.99875	19999998.5680001	33780414.795	0.408325
726.00967502594	250294157.00025	20000000.561	33955835.442	0.410156
727.008077144623	250294157.0005	19999999.6769999	34185092.75	0.405884
728.006479024887	250294156.99975	20000000.408	34415573.415	0.407715
729.004880189896	250294157.00025	19999999.7080001	34300335.719	0.409546
730.018882036209	250294156.9995	19999999.9529999	34345875.482	0.408936
731.017284154892	250294157.00025	20000000.2570001	34232139.768	0.408325
732.015686035156	250294156.99975	19999999.7359999	34204074.592	0.411377
733.014088153839	250294157.00125	19999999.436	34092554.2570001	0.410767
734.012489080429	250294156.99825	20000001.334	34071029.13	0.411987
735.010890960693	250294157.001	19999999.3510001	34053485.4499999	0.410156
736.009293079376	250294156.9995	20000000.222	34014946.565	0.421143
737.007694959641	250294156.99975	19999999.7939999	33144020.987	0.407105
738.006096124649	250294157.00025	19999999.9680001	34210838.477	0.411377
739.004498004913	250294156.99975	19999999.2920001	34118633.809	0.409546
740.018500089645	250294157	20000000.6199999	33997224.409	0.412598
741.01690196991	250294157.00025	19999999.819	34041465.131	0.410767
742.015303134918	250294157	19999999.679	33954939.925	0.410767
743.013705015183	250294157.00025	19999999.477	34016963.878	0.410156
744.012107133865	250294157.00075	20000001.199	34042751.786	0.411377
745.01050901413	250294156.998	19999999.5650001	34132999.642	0.410156
746.008910179138	250294157.00075	20000000.442	34124103.641	0.413818
747.007312059402	250294157.0005	19999999.829	34193548.085	0.411987
748.005714178085	250294157.00025	19999999.752	33998870.431	0.409546
749.019716024399	250294156.9995	20000000.022	34014202.541	0.409546
750.018117189407	250294156.9995	19999999.406	33956553.36	0.411987
751.016519069672	250294157.0005	20000000.762	33915671.2409999	0.409546
752.014921188354	250294157.00025	19999999.776	33989580.5630001	0.410767
753.013323068619	250294156.999	20000000.946	34016523.999	0.413208
754.011723995209	250294157.0005	19999998.809	33939047.795	0.411987
755.010126113892	250294157	20000000.051	33991548.25	0.413208
756.008527994156	250294157	20000001.239	33876305.406	0.410767
757.006930112839	250294157.00025	19999999.616	33909083.011	0.413208
758.005331039429	250294157.00025	19999999.679	33893123.23	0.410156
759.019333124161	250294156.99925	20000000.717	33739656.084	0.409546
760.017735004425	250294157.00025	19999998.689	33742419.5439999	0.413208
761.016137123108	250294157	20000000.204	33747688.5350001	0.412598
762.014538049698	250294157.00025	20000000.472	33889265.392	0.412598
763.012940168381	250294157	19999999.518	33913151.54	0.412598
764.011342048645	250294156.99975	20000000.497	33840077.5650001	0.411987
765.009744167328	250294156.99975	19999999.848	33864470.424	0.408325
766.008145093918	250294157.00025	20000000.908	33790496.033	0.410156
767.006546974182	250294157	19999998.509	33792179.166	0.411987
768.004949092865	250294157.00025	20000000.936	33805921.786	0.411987
769.018951177597	250294157	19999999.701	33712392.263	0.412598
770.017352104187	250294157.0005	19999999.704	33817685.71	0.411987
771.015753984451	250294156.99975	20000000.52	33815139.878	0.411987
772.014156103134	250294156.9995	20000000.075	33749002.393	0.411987
773.012557983398	250294157.00075	19999999.891	33679083.531	0.410767
774.010960102081	250294156.99925	19999998.53	33806149.325	0.411377
775.009361028671	250294157.0005	20000001.427	33814857.19	0.410156
776.007763147354	250294157.00025	20000000.049	33819980.667	0.411377
777.006165027618	250294156.99925	19999999.4819999	33844755.75	0.412598
778.02016711235	250294157.001	20000000.5530001	33713802.365	0.413208
779.01856803894	250294156.99875	19999999.7149999	33724417.287	0.410156
780.016970157623	250294157.00025	19999999.9960001	33650547.21	0.411377
781.015372037888	250294157	19999999.748	33670123.024	0.411377
782.01377415657	250294157.00025	20000000.4629999	33658154.456	0.410767
783.01217508316	250294156.99975	19999999.8890001	33699111.314	0.411377
784.010576963425	250294157.00025	20000000.0139999	33643111.503	0.412598
785.008979082108	250294157.001	19999999.478	33597967.192	0.410767
786.007380962372	250294156.99825	20000001.118	33694196.52	0.409546
787.00578212738	250294157.00075	20000000.043	33750439.204	0.410767
788.019783973694	250294157.0005	19999999.3279999	33645160.202	0.410156
789.018186092377	250294157.00025	20000000.347	33701277.418	0.411377
790.016587972641	250294156.99875	19999999.285	33690496.976	0.413208
791.01498913765	250294157.00075	19999999.7510001	33598775.9790001	0.407715
792.013391017914	250294156.9995	20000000.513	33693047.867	0.409546
793.011793136597	250294157.00075	19999999.753	33810648.962	0.409546
794.010195016861	250294156.99925	19999999.854	33730924.237	0.408936
795.00859618187	250294156.9995	19999999.524	33700987.186	0.410767
796.006998062134	250294157.00025	20000000.1289999	33833080.1	0.409546
797.005400180817	250294157	20000000.63	33861464.8889999	0.411377
798.01940202713	250294157.001	19999999.285	34029377.977	0.409546
799.017803192139	250294156.9995	20000001.6110001	34125420.187	0.408936
800.016205072403	250294157.00075	19999998.952	33997045.264	0.409546
801.014607191086	250294156.9995	19999999.5439999	33987163.098	0.410767
802.01300907135	250294156.99975	20000001.38	34016861.232	0.405274
803.01140999794	250294157	19999999.403	33888140.34	0.409546
804.009812116623	250294157	20000000.59	33823526.065	0.411987
805.008213996887	250294156.9995	19999999.886	33821342.014	0.411987
806.00661611557	250294157.00025	19999999.857	33799153.332	0.411377
807.020617008209	250294157.00025	19999999.832	33850391.943	0.408936
808.019019126892	250294157.001	19999999.721	33772849.914	0.412598
809.017421007156	250294156.99875	19999999.241	33762444.1580001	0.413208
810.015823125839	250294157.00075	20000000.124	33794054.261	0.412598
811.014225006104	250294156.99975	20000000.788	33785725.483	0.410767
812.012626171112	250294156.99925	19999999.85	33781933.334	0.411987
813.011028051376	250294157.0015	20000000.422	33757644.854	0.411987
814.009430170059	250294156.9985	20000000.009	33799501.017	0.411377
815.007832050323	250294157.0005	20000000.295	33840729.694	0.410156
816.006232976913	250294157.00025	19999998.981	33915263.9909999	0.411987
817.020235061646	250294157	19999999.861	33809419.218	0.411377
818.018637180328	250294156.9995	20000000.558	33753193.783	0.410767
819.017039060593	250294157.00025	20000000.286	33861629.2689999	0.410767
820.015439987183	250294156.99975	19999999.465	33745769.7030001	0.411987
821.013842105865	250294157.00075	19999999.525	33695176.86	0.411987
822.01224398613	250294156.99925	19999999.844	33758457.2099999	0.412598
823.010646104813	250294157	20000001.15	33728235.5940001	0.412598
824.009047031403	250294157.00075	19999999.936	33734166.1689999	0.410156
825.007449150085	250294156.9985	19999999.89	33753231.748	0.408936
826.00585103035	250294157.00125	19999998.998	33794228.987	0.409546
827.019853115082	250294157.0005	20000000.148	33854748.983	0.409546
828.018254041672	250294156.999	20000002.0010001	33805489.9909999	0.411377
829.016656160355	250294157.00025	19999998.708	33890849.5630001	0.410156
830.015058040619	250294156.99975	19999999.568	33809052.6669999	0.410767
831.013460159302	250294157.00025	20000000.1210001	33731031.33	0.408325
832.011861085892	250294157	20000000.88	33824584.901	0.410156
833.010262966156	250294157	19999999.624	33888412.615	0.410767
834.008665084839	250294156.99975	19999999.9580001	33888791.342	0.407715
835.007066965103	250294157.0005	19999999.9139999	33811795.1	0.410156
836.021068096161	250294157.0005	19999999.9530001	33927089.188	0.410767
837.019469976425	250294156.99875	20000000.055	33985719.757	0.410767
838.017872095108	250294157.00025	20000000.0550001	34044641.468	0.410156
839.016273975372	250294157	19999999.7049999	33893718.266	0.409546
840.014675140381	250294157.00025	20000000.281	34012793.766	0.410156
841.013077020645	250294156.99975	19999999.099	33752523.632	0.410156
842.011479139328	250294157.00075	20000000.09	33751775.611	0.412598
843.009881019592	250294156.99975	20000000.452	33696107.814	0.412598
844.008282184601	250294157	19999999.8479999	33661999.966	0.410156
845.006684064865	250294156.99975	20000000.296	33541497.576	0.410767
846.020686149597	250294157.0005	19999999.404	33431941.954	0.412598
847.019088029861	250294156.99975	20000000.289	33513836.5190001	0.411987
848.017488956451	250294156.99925	19999999.977	33460314.235	0.41626
849.015891075134	250294157.0005	19999999.2099999	33496262.273	0.410767
850.014292955399	250294157.00025	20000001.6170001	33594726.153	0.415039
851.012695074081	250294157.0005	19999998.686	33580889.502	0.412598
852.011097192764	250294156.99925	19999999.6739999	33730355.615	0.410156
853.009498119354	250294157.00075	20000001.205	33913290.1289999	0.411377
854.007899999619	250294156.999	20000000.022	33833376.687	0.413818
855.006302118301	250294157.00025	19999999.687	33690303.099	0.411377
856.020303964615	250294157.00025	19999999.659	33657797.026	0.414429
857.018705129623	250294156.9995	20000000.482	33569627.048	0.411987
858.017107009888	250294157.00025	20000000.005	33561326.199	0.413208
859.015509128571	250294156.9995	19999999.856	33444922.886	0.413208
860.013911008835	250294157.0015	20000000.442	33522167.814	0.414429
861.012312173843	250294156.999	19999998.875	33582037.6029999	0.412598
862.010714054108	250294157.00025	20000001.382	33577507.495	0.410156
863.009116172791	250294156.9985	20000000.291	33477913.533	0.413208
864.007518053055	250294157.00075	20000000.277	33518243.615	0.413818
865.021519184113	250294157.0005	19999997.755	33543472.788	0.408325
866.019921064377	250294156.99925	20000001.601	33529418.318	0.411377
867.01832318306	250294157.00125	19999999.71	33560253.748	0.414429
868.016725063324	250294156.999	19999999.582	33574332.266	0.411987
869.015125989914	250294157.00075	20000000.17	33578180.589	0.410767
870.013528108597	250294157	20000000.473	33573370.077	0.411377
871.011929988861	250294156.9995	19999999.876	33640908.038	0.409546
872.010332107544	250294157.00025	20000000.3	33494016.527	0.413818
873.008733034134	250294156.9995	20000000.387	33520869.767	0.413208
874.021536111832	250294156.9995	19999999.742	33514072.54	0.411987
875.007937192917	250294157.00125	19999998.862	33522648.9170001	0.410156
876.006339073181	250294156.99975	20000000.0890001	33495835.067	0.413208
877.020341157913	250294157	20000001.0869999	33494360.077	0.413208
878.018742084503	250294157	19999999.827	33439704.639	0.408325
879.017143964767	250294157.00075	19999999.406	33438737.819	0.413208
880.013146162033	250294156.9995	20000000.491	33405615.8069999	0.414429
881.008347034454	250294156.99975	20000000.587	33439503.6520001	0.410767
882.006749153137	250294156.99975	19999999.718	33437591.7509999	0.411377
883.020750999451	250294157.0005	19999998.581	33415502.9230001	0.412598
884.019153118134	250294157.00025	20000001.211	33349867.556	0.411987
885.017554044724	250294156.9995	20000000.071	33335952.681	0.415039
886.015956163406	250294156.999	20000000.449	33326552.16	0.415039
887.014358043671	250294157.001	19999999.484	33167013.339	0.412598
888.012760162354	250294157.0005	19999999.2509999	33231836.525	0.41626
889.011161088943	250294156.99875	19999999.914	33364187.02	0.415039
890.009562969208	250294157.00125	20000000.617	33447735.22	0.41687
891.007965087891	250294156.99975	19999999.1600001	33350247.627	0.415039
892.006366968155	250294156.9995	20000000.387	33542379.61	0.415039
893.020368099213	250294156.9995	19999999.6159999	33523467.1720001	0.413208
894.018769979477	250294157.00075	20000000.8030001	33483256.1770001	0.41626
895.01717209816	250294157	20000000.3859999	33395521.09	0.413208
896.015573978424	250294157	19999998.6260001	33483192.271	0.411987
897.013975143433	250294157.0005	20000000.169	33444541.735	0.413818
898.012377023697	250294157	20000000.1489999	33388242.5	0.413208
