#Menlo Systems GmbH 2009 - Comb Watch v0.9.6
#Measurement from 13.5.2021.
#Begin of the measurement: 18:23:28, 66208 sec after midnight.
#Add 807636208 to get the time since 0:00 of 10th Oct. 1995 = MJD 50000 in seconds.
#
#C0:	timestamp
#C1:	reprate.freq	The actual repetition rate of the comb (calculated from counter0)	Hz
#C2:	offset.freq	Offset beat frequency (see counter1)	Hz	20000000	10
#C3:	counter2.freq	Counter channel 2 frequency	Hz
#C4:	counter2.signal	Signal strength of counter channel 2 input	V
#
#S0:	4
#Statistics settings
#S1:	250013103.5	0.005
#S2:	20000000	10
#S3:	25822599.9	114661.41	21	474000000000000
#S4:	#
#
#timestamp	#reprate.freq	#offset.freq	#counter2.freq	#counter2.signal
0.998400926589966	250013103.50025	20000000.022	25741622.864	0.430908
1.99680304527283	250013103.49975	19999999.724	25719931.112	0.436401
3.0108048915863	250013103.5005	19999999.562	25707640.8150001	0.43335
4.00920701026917	250013103.49975	19999999.456	25731734.938	0.435791
5.00760793685913	250013103.50025	20000000.926	25752928.219	0.435791
6.00601005554199	250013103.4995	20000001.146	25717614.156	0.435181
7.00441193580627	250013103.49975	19999999.521	25743543.6880001	0.436401
8.00281405448914	250013103.5	19999998.966	25788289.627	0.430298
9.0012149810791	250013103.5005	19999999.795	25726911.8429999	0.435181
9.99961709976196	250013103.50025	20000000.4170001	25712767.6370001	0.436401
10.9980189800262	250013103.49975	20000000.426	25817030.7079999	0.437622
11.9964210987091	250013103.5005	19999999.1619999	25774953.1850001	0.437012
13.0104219913483	250013103.499	19999999.9960001	25779163.4569999	0.427246
14.0088238716125	250013103.49975	20000000.939	25819691.8610001	0.437012
15.0072259902954	250013103.5005	19999999.775	25730653.955	0.435181
16.0056281089783	250013103.49975	19999999.1340001	25763088.679	0.430298
17.0040290355682	250013103.50025	20000001.2279999	25835911.744	0.429688
18.0024309158325	250013103.50025	19999999.293	25785890.797	0.430298
19.0008330345154	250013103.5	19999999.794	25749398.129	0.432129
19.9992349147797	250013103.50025	19999999.724	25711590.846	0.430298
20.9976360797882	250013103.4995	20000000.571	25775724.736	0.436401
22.0116379261017	250013103.4995	20000001.391	25731361.81	0.432739
23.0100400447845	250013103.50075	19999999.4960001	25802015.265	0.437012
24.0084419250488	250013103.4995	19999999.716	25732754.562	0.438843
25.0068430900574	250013103.5005	20000000.003	25762446.692	0.430298
26.0052449703217	250013103.50025	19999998.9270001	25726121.068	0.435181
27.0036470890045	250013103.49975	20000000.5409999	25714775.904	0.43457
28.0020489692688	250013103.5	19999999.8710001	25776543.39	0.438232
29.0004510879517	250013103.5	20000001.26	25715652.318	0.435791
29.9988520145416	250013103.50025	19999998.779	25777324.966	0.432129
30.9972538948059	250013103.4995	20000001.174	25864747.967	0.43396
32.011255979538	250013103.50075	19999998.588	25981433.749	0.437012
33.0096580982208	250013103.4995	20000001.027	25886352.426	0.43457
34.0080590248108	250013103.49925	19999998.89	25803620.809	0.431519
35.0064609050751	250013103.50075	20000001.014	25897382.317	0.439453
36.0048630237579	250013103.5	19999999.146	25877999.285	0.430298
37.0032649040222	250013103.50025	20000001.159	25781638.54	0.427246
38.0016660690308	250013103.5	19999998.297	25771147.109	0.437622
39.000067949295	250013103.49975	20000000.508	25842430.845	0.437622
39.9984700679779	250013103.49925	20000000.194	25686003.467	0.43335
40.9968719482422	250013103.50075	20000000.373	25791036.653	0.435181
42.0108730792999	250013103.5005	19999999.926	25725495.78	0.431519
43.0092749595642	250013103.4995	19999998.992	25928082.118	0.431519
44.0076770782471	250013103.5	20000000.746	25784562.648	0.43396
45.0060789585114	250013103.49925	20000000.204	25787484.378	0.431519
46.0044798851013	250013103.5005	19999999.513	25764450.326	0.431519
47.0028820037842	250013103.5005	19999999.969	25805039.168	0.429688
48.0012838840485	250013103.499	19999999.527	25803667.739	0.432739
48.9996860027313	250013103.5005	20000001.381	25821472.651	0.435181
49.9980869293213	250013103.49975	19999999.106	25765691.228	0.431519
51.0120890140533	250013103.50025	19999999.924	25776635.1159999	0.43335
52.0104908943176	250013103.4995	19999999.139	25727891.9710001	0.43396
53.0088930130005	250013103.5015	20000000.516	25795340.497	0.43457
54.0072939395905	250013103.49875	20000000.871	25766330.693	0.43457
55.0056960582733	250013103.5	19999999.831	25823538.0270001	0.430298
56.0040979385376	250013103.5005	20000000.02	25814325.5599999	0.43335
57.0025000572205	250013103.5005	20000001.399	25845514.989	0.43335
58.0009009838104	250013103.499	19999999.0799999	25830883.951	0.432129
58.9993031024933	250013103.50075	19999999.2950001	25825256.605	0.435181
59.9977049827576	250013103.49925	19999999.6569999	25802817.327	0.432129
61.0117070674896	250013103.5005	20000001.359	25833788.944	0.437012
62.0101079940796	250013103.4995	19999998.419	25866054.243	0.43335
63.0085098743439	250013103.49975	20000001.393	25768815.947	0.435791
64.0069119930267	250013103.5	19999999.83	25858364.602	0.435791
65.005313873291	250013103.50025	19999999.8889999	25753819.279	0.435181
66.0037150382996	250013103.5	19999999.462	25762799.401	0.436401
67.0021169185638	250013103.50025	19999998.589	25829288.905	0.43457
68.0005190372467	250013103.4995	20000000.78	25831252.097	0.432129
68.998920917511	250013103.50025	20000001.197	25835229.642	0.436401
69.9973230361938	250013103.50025	20000000.609	25867203.597	0.427857
71.011323928833	250013103.499	19999998.401	25826058.243	0.437622
72.0097260475159	250013103.5005	20000000.396	25834798.831	0.43396
73.0081279277802	250013103.50025	20000000.201	25800385.029	0.428467
74.006530046463	250013103.50075	20000000.252	25844374.397	0.43396
75.004930973053	250013103.49925	19999999.8950001	25830122.825	0.437012
76.0033330917358	250013103.49975	19999999.216	25784143.216	0.429077
77.0017349720001	250013103.50125	20000000.534	25877571.09	0.432739
78.000137090683	250013103.49975	20000000.12	25805296.474	0.43396
78.9985380172729	250013103.49875	20000000.053	25763352.818	0.43396
80.012540102005	250013103.50075	19999998.841	25770369.064	0.43457
81.0109419822693	250013103.49975	20000000.74	25784772.421	0.43457
82.0093441009521	250013103.50025	19999999.563	25782837.6159999	0.43335
83.0077450275421	250013103.4995	20000001.133	25789318.1440001	0.43335
84.0061469078064	250013103.50075	19999999.766	25842518.39	0.431519
85.0045490264893	250013103.50025	19999999.516	25777921.01	0.436401
86.0029509067535	250013103.499	20000000.485	25735775.237	0.43457
87.0013520717621	250013103.5005	20000000.287	25695879.1	0.429688
87.9997539520264	250013103.4995	19999999.514	25737217.821	0.43396
88.9981560707092	250013103.50025	19999999.419	25800512.105	0.432739
90.0121579170227	250013103.5005	20000000.832	25806925.719	0.435791
91.0105590820313	250013103.49975	20000000.466	25823439.959	0.436401
92.0089609622955	250013103.4995	19999999.289	25782468.604	0.436401
93.0073630809784	250013103.50025	19999999.466	25837602.5010001	0.43457
94.0057649612427	250013103.5005	20000001.067	25859257.84	0.432739
95.0041658878326	250013103.5	19999999.391	25853424.084	0.432739
96.0025680065155	250013103.49975	19999999.804	25921215.979	0.431519
97.0009698867798	250013103.5005	19999999.348	25865085.373	0.436401
97.9993720054626	250013103.49925	20000000.844	25892181.551	0.432129
98.9977729320526	250013103.50075	20000000.569	25873081.382	0.429688
100.011775016785	250013103.49925	19999999.609	25837451.804	0.43457
101.010176897049	250013103.5	19999999.326	25802862.372	0.430298
102.008579015732	250013103.5	20000001.245	25849685.257	0.430298
103.006979942322	250013103.50075	19999999.752	25895642.582	0.430908
104.005382061005	250013103.4995	19999999.362	25904611.466	0.431519
105.003783941269	250013103.5005	20000000.74	25868837.655	0.43396
106.002186059952	250013103.4995	19999999.277	25836375.818	0.437012
107.000587940216	250013103.49975	19999999.905	25892903.118	0.43396
107.998989105225	250013103.5005	19999999.872	25828329.872	0.429688
108.997390985489	250013103.49975	20000001.604	25915087.43	0.438232
110.011393070221	250013103.49975	19999998.013	25808919.065	0.429688
111.009794950485	250013103.50075	20000001.5980001	25742722.375	0.437012
112.008195877075	250013103.5	20000000.022	25821875.853	0.435181
113.006597995758	250013103.49925	19999998.794	25751113.445	0.432129
114.004999876022	250013103.50025	19999999.829	25742058.279	0.427857
115.003401994705	250013103.5	20000000.332	25657582.385	0.439453
116.001802921295	250013103.4995	19999999.502	25739960.43	0.43457
117.000205039978	250013103.50025	20000001.059	25731003.255	0.43335
117.998606920242	250013103.501	19999999.2969999	25750574.099	0.43457
119.012609004974	250013103.4995	20000000.1900001	25702322.251	0.438843
120.011009931564	250013103.4995	20000000.558	25752147.094	0.437012
121.009412050247	250013103.5005	20000000.0140001	25730839.697	0.436401
122.007813930511	250013103.50025	20000000.165	25796199.2460001	0.437012
123.006216049194	250013103.49925	20000000.239	25711303.0339999	0.43396
124.004616975784	250013103.5005	19999999.714	25767647.301	0.43335
125.003019094467	250013103.50025	19999999.9910001	25814390.6800001	0.431519
126.001420974731	250013103.4995	19999999.967	25834186.664	0.430908
126.999823093414	250013103.5	19999999.813	25789676.8789999	0.430298
127.998224020004	250013103.49975	19999999.7770001	25819472.731	0.430908
129.012226104736	250013103.5005	20000000.0139999	25671337.9870001	0.43335
130.010627985001	250013103.49975	19999999.717	25730424.015	0.437622
131.009030103683	250013103.50025	20000000.018	25690500.341	0.435181
132.007431030273	250013103.49975	19999999.663	25774241.415	0.436401
133.005832910538	250013103.49925	20000000.693	25763678.694	0.435181
134.004235029221	250013103.5005	19999999.483	25812336.7620001	0.43457
135.002636909485	250013103.5005	20000000.1700001	25777591.362	0.429077
136.001038074493	250013103.4995	19999999.709	25725886.8219999	0.435791
136.999439954758	250013103.501	20000000.477	25808343.7290001	0.437622
137.997842073441	250013103.499	19999999.8499999	25750674.303	0.432129
139.011843919754	250013103.5	20000000.488	25671619.086	0.435791
140.010245084763	250013103.4995	20000000.409	25757286.806	0.435791
141.008646965027	250013103.501	19999999.582	25751103.492	0.437622
142.00704908371	250013103.50025	20000000.515	25758421.098	0.438843
143.005450963974	250013103.5	19999999.2	25717755.088	0.436401
144.003851890564	250013103.4995	20000000.857	25669887.944	0.428467
145.002254009247	250013103.4995	19999998.288	25669644.641	0.439453
146.000655889511	250013103.4995	20000001.276	25756468.531	0.432739
146.999058008194	250013103.5015	19999998.64	25798132.374	0.437622
148.013060092926	250013103.5	20000001.315	25746724.962	0.435181
149.011461019516	250013103.499	19999998.804	25760071.435	0.435181
150.00986289978	250013103.50025	20000000.859	25769214.884	0.430908
151.008265018463	250013103.5	20000000.562	25752332.695	0.436401
152.006666898727	250013103.5005	19999999.452	25700519.863	0.437622
153.005068063736	250013103.49875	19999999.409	25675709.939	0.435791
154.003469944	250013103.5	20000000.586	25596362.987	0.441284
155.001872062683	250013103.50075	19999999.576	25592791.515	0.437012
156.000273942947	250013103.5	19999999.819	25656413.642	0.437622
156.998675107956	250013103.50025	20000000.113	25646058.489	0.437012
158.012676954269	250013103.5	19999999.804	25683803.8850001	0.437622
159.011079072952	250013103.5	20000000.336	25700035.988	0.435791
160.009480953217	250013103.49975	19999999.961	25668209.007	0.43396
161.007881879807	250013103.5005	19999999.888	25764694.218	0.437012
162.006283998489	250013103.49975	20000000.805	25760222.985	0.437622
163.004685878754	250013103.49925	20000000.022	25810099.122	0.43335
164.003087997437	250013103.50075	19999998.952	25749161.905	0.432739
165.001488924026	250013103.49975	20000000.428	25711480.98	0.438843
165.999891042709	250013103.50025	20000000.446	25698483.826	0.438232
166.998292922974	250013103.49975	19999999.976	25698874.444	0.43396
168.012295007706	250013103.49975	19999999.5090001	25674638.475	0.432739
169.010695934296	250013103.50125	20000000.4349999	25631117.877	0.437622
170.009098052979	250013103.499	20000000.031	25609000.834	0.435181
171.007499933243	250013103.50075	20000000.556	25617565.8100001	0.439453
172.005902051926	250013103.4995	20000000.082	25644422.3809999	0.438843
173.004302978516	250013103.49975	19999998.174	25583835.977	0.43335
174.002705097198	250013103.50025	20000001.278	25573402.516	0.440064
175.001106977463	250013103.49925	20000000.068	25712948.29	0.435791
175.999509096146	250013103.501	20000000.058	25643191.972	0.435791
177.013509988785	250013103.499	19999999.863	25617652.8180001	0.432739
178.011912107468	250013103.501	20000000.206	25624766.257	0.432739
179.010313987732	250013103.4995	19999999.656	25629621.219	0.435181
180.008716106415	250013103.5	19999999.309	25663775.722	0.432739
181.007117033005	250013103.50025	20000000.476	25626647.808	0.426636
182.005518913269	250013103.50025	20000000.48	25555736.585	0.437622
183.003921031952	250013103.4995	19999999.7720001	25643760.254	0.430908
184.002322912216	250013103.49975	19999999.579	25651668.251	0.438232
185.000725030899	250013103.5	20000000.8399999	25730934.776	0.437012
185.999125957489	250013103.501	19999998.75	25771767.774	0.438232
187.013128042221	250013103.4995	20000000.113	25699983.295	0.432739
188.011529922485	250013103.50025	19999999.466	25707447.32	0.436401
189.009932041168	250013103.499	20000000.7360001	25724925.122	0.428467
190.008332967758	250013103.501	20000000.239	25619857.961	0.431519
191.006735086441	250013103.49975	20000000.474	25687990.126	0.432739
192.005136966705	250013103.50075	19999999.8490001	25638509.32	0.431519
193.003539085388	250013103.4985	19999999.155	25625365.035	0.432129
194.001940011978	250013103.50025	20000000.863	25732737.668	0.437622
195.000341892242	250013103.501	20000000.406	25647308.456	0.437012
195.998744010925	250013103.49925	20000000.116	25662077.067	0.43396
197.012746095657	250013103.49975	19999999.654	25572600.143	0.438232
198.011147022247	250013103.50075	19999999.452	25634232.924	0.43335
199.009548902512	250013103.4995	19999999.329	25586419.945	0.435181
200.007951021194	250013103.50075	20000001.113	25637181.448	0.431519
201.006352901459	250013103.499	19999999.537	25676111.333	0.435181
202.004754066467	250013103.5	20000000.239	25658356.281	0.439453
203.003155946732	250013103.50025	20000000.275	25671383.246	0.437622
204.001558065414	250013103.49975	19999999.525	25659492.73	0.438843
204.999959945679	250013103.50125	20000000.416	25569246.405	0.432739
206.013961076736	250013103.5	19999999.108	25669524.271	0.430908
207.012362957001	250013103.4995	20000000.033	25752435.599	0.43335
208.010765075684	250013103.50025	20000000.452	25726869.327	0.43457
209.009166955948	250013103.49925	20000001.2920001	25692522.007	0.43396
210.007567882538	250013103.50025	19999999.285	25740175.6900001	0.430298
211.005970001221	250013103.5	19999999.504	25791529.686	0.427857
212.004371881485	250013103.49975	20000000.308	25757393.596	0.435181
213.002774000168	250013103.5	19999999.777	25797447.693	0.43396
214.001174926758	250013103.5005	19999999.363	25791845.472	0.429688
214.999577045441	250013103.5	20000000.513	25767855.745	0.437622
216.013578891754	250013103.4995	20000000.261	25866471.6770001	0.436401
217.011981010437	250013103.5005	19999999.917	25831757.831	0.431519
218.010381937027	250013103.5	19999999.405	25865387.028	0.43335
219.00878405571	250013103.49975	20000000.9110001	25896563.9840001	0.43457
220.007185935974	250013103.49975	19999999.369	25905329.4909999	0.43335
221.005588054657	250013103.4995	19999999.684	25898314.926	0.427857
222.003988981247	250013103.50025	20000000.859	25930058.303	0.427857
223.00239109993	250013103.50025	19999999.521	25918104.117	0.435181
224.000792980194	250013103.5005	20000000.153	25889247.1350001	0.43335
224.999195098877	250013103.50025	20000000.778	25822411.489	0.43335
226.01319694519	250013103.4995	19999999.497	25958182.562	0.43396
227.01159787178	250013103.4995	19999999.872	25916077.675	0.43457
228.009999990463	250013103.501	20000000.783	25901091.207	0.437012
229.008402109146	250013103.5	19999998.8690001	25901938.968	0.435181
230.00680398941	250013103.49975	19999999.8119999	25942966.814	0.432739
231.005204916	250013103.49925	20000000.8950001	25823383.942	0.43396
232.003607034683	250013103.5005	19999999.8479999	25834208.546	0.430298
233.002008914948	250013103.501	19999999.071	25831617.617	0.436401
234.00041103363	250013103.499	20000000.043	25818155.21	0.423584
235.01441192627	250013103.49975	20000000.3890001	25779813.24	0.43335
236.012814044952	250013103.49975	20000000.214	25692645.029	0.43335
237.011215925217	250013103.501	19999999.948	25713151.077	0.435791
238.0096180439	250013103.499	19999999.717	25797434.806	0.427246
239.00801897049	250013103.50075	20000000.478	25832025.13	0.436401
240.006421089172	250013103.49925	20000000.142	25908699.429	0.430908
241.004822969437	250013103.50025	20000000.1720001	25863269.858	0.43457
242.00322508812	250013103.50025	19999998.977	25888659.934	0.430908
243.001626014709	250013103.50025	19999999.999	25814412.146	0.432129
244.000027894974	250013103.5	20000000.855	25753858.463	0.437012
245.014029979706	250013103.50025	19999999.65	25737684.303	0.43335
246.012432098389	250013103.49925	19999999.458	25780911.086	0.438232
247.010833024979	250013103.50025	20000000.38	25686472.084	0.43457
248.009234905243	250013103.49975	20000001.013	25806743.965	0.43335
249.007637023926	250013103.5	19999998.606	25843130.74	0.430298
250.00603890419	250013103.5005	20000000.339	25841979.033	0.43335
251.004440069199	250013103.49925	19999999.909	25823283.697	0.431519
252.002841949463	250013103.5005	19999999.632	25819844.09	0.43457
253.001244068146	250013103.5005	20000001.053	25804603.693	0.430298
253.99964594841	250013103.49975	19999999.762	25789514.691	0.428467
255.013647079468	250013103.50025	19999999.241	25859657.766	0.430298
256.012048959732	250013103.49925	20000000.682	25897124.459	0.437012
257.010451078415	250013103.50075	20000000.436	25883454.663	0.428467
258.008852958679	250013103.4995	19999999.549	25869227.784	0.429688
259.007253885269	250013103.5	19999999.557	25850763.51	0.430298
260.005656003952	250013103.5005	19999999.811	25810321.821	0.432129
261.004057884216	250013103.4995	20000000.709	25752994.178	0.427857
262.002460002899	250013103.5	20000000.034	25699022.643	0.435181
263.000861883163	250013103.5	20000000.076	25800128.3050001	0.437622
264.014863014221	250013103.50025	20000000.086	25835259.9849999	0.43335
265.013264894485	250013103.49925	19999999.605	25845831.5550001	0.430908
266.011667013168	250013103.5005	19999999.85	25975587.041	0.428467
267.010068893433	250013103.4995	20000000.795	25944594.035	0.43457
268.008470058441	250013103.5005	19999998.546	25962728.15	0.43457
269.006871938705	250013103.50025	20000000.758	25926923.392	0.430908
270.005274057388	250013103.5	20000000.369	25919667.641	0.430298
271.003675937653	250013103.49975	20000000.679	25909662.583	0.429688
272.002077102661	250013103.5005	19999997.8479999	25897087.051	0.429688
273.000478982925	250013103.49975	20000002.1630001	25922256	0.428467
274.014481067657	250013103.4995	19999998.3369999	25922413.697	0.432739
275.012882947922	250013103.50125	20000000.6370001	25962549.031	0.432129
276.011283874512	250013103.499	20000000.193	26002211.043	0.43335
277.009685993195	250013103.5	19999999.7820001	25920795.772	0.430298
278.008087873459	250013103.49975	19999999.905	25988636.707	0.435181
279.006489992142	250013103.49975	19999999.739	25935985.307	0.427857
280.004890918732	250013103.50075	20000001.028	25896286.065	0.427246
281.003293037415	250013103.50025	19999999.676	26000539.393	0.432129
282.001694917679	250013103.4995	20000000.5830001	25924799.374	0.436401
283.000097036362	250013103.50025	19999998.5699999	25915892.348	0.429077
284.014097929001	250013103.4995	20000000.908	26004163.411	0.430908
285.012500047684	250013103.5	20000000.745	25954052.543	0.43396
286.010901927948	250013103.5005	19999998.694	26019933.799	0.431519
287.009304046631	250013103.49975	19999999.9350001	26017226.107	0.430298
288.007704973221	250013103.49975	20000000.007	25981244.3299999	0.432739
289.006107091904	250013103.5005	20000000.3149999	25998358.12	0.431519
290.004508972168	250013103.4995	20000000.23	25996470.0450001	0.435791
291.002911090851	250013103.5	19999999.205	26020818.6689999	0.435791
292.001312017441	250013103.5005	20000001.035	25960710.1370001	0.430908
292.999713897705	250013103.49925	19999999.051	26007165.444	0.435791
294.013715982437	250013103.501	20000000.1850001	25909429.7079999	0.43396
295.01211810112	250013103.49925	19999999.9499999	25927510.0550001	0.43335
296.01051902771	250013103.50025	19999999.87	25849636.1409999	0.430908
297.008920907974	250013103.5005	19999999.7950001	25957684.6390001	0.435181
298.007323026657	250013103.49975	20000000.421	25830714.85	0.435791
299.005724906921	250013103.4995	20000000.7479999	25944000.4879999	0.432739
300.00412607193	250013103.5	19999998.935	25939262.893	0.43335
301.002527952194	250013103.5	20000000.818	25888427.62	0.423584
302.000930070877	250013103.50025	20000000.452	25936549.243	0.435791
303.014931917191	250013103.5	19999999.766	25934800.142	0.43457
304.013334035873	250013103.5	19999999.073	25974163.1190001	0.435791
305.011734962463	250013103.49975	20000000.809	25916758.303	0.435181
306.010137081146	250013103.5	19999999.19	25970018.938	0.430298
307.008538961411	250013103.50025	20000000.471	25944244.449	0.43457
308.006941080093	250013103.50025	20000001.054	25943967.888	0.432739
309.005342006683	250013103.5	19999999.074	25927718.083	0.430298
310.003743886948	250013103.50025	19999999.683	25928905.157	0.436401
311.00214600563	250013103.4995	20000001.242	25933582.48	0.43335
312.000547885895	250013103.49975	19999998.993	26030202.918	0.428467
313.014549016953	250013103.50025	20000000.218	26030052.047	0.43396
314.012950897217	250013103.50025	19999999.4159999	26021754.491	0.43396
315.0113530159	250013103.50025	20000000.117	26055101.358	0.424805
316.009754896164	250013103.4995	19999999.62	25946071.498	0.43396
317.008156061172	250013103.5005	20000000.69	26019003.649	0.428467
318.006557941437	250013103.4995	20000000.248	25900633.447	0.437012
319.00496006012	250013103.5	19999999.745	26016621.26	0.43396
320.003361940384	250013103.50075	19999999.225	26000948.955	0.43396
321.001763105392	250013103.5	20000001.568	25936921.132	0.426025
322.000164985657	250013103.499	19999999.12	26010635.865	0.43396
323.014167070389	250013103.50025	20000000.679	25926488.663	0.438232
324.012568950653	250013103.50025	19999998.619	25992851.6	0.431519
325.010969877243	250013103.49975	20000000.975	25946477.289	0.430298
326.009371995926	250013103.5	20000000.3650001	25991985.737	0.437622
327.00777387619	250013103.50025	19999999.351	25920245.3060001	0.426025
328.006175994873	250013103.49975	19999999.237	26022474.4139999	0.43335
329.004576921463	250013103.5	20000001.316	26035172.103	0.431519
330.002979040146	250013103.50075	19999999.914	25948631.521	0.435181
331.00138092041	250013103.49925	19999998.216	26012736.883	0.43396
332.015383005142	250013103.5	20000001.215	25999956.8709999	0.43396
333.013783931732	250013103.49975	19999999.9249999	26085012.0550001	0.430908
334.012186050415	250013103.5	20000000.664	26059036.969	0.43457
335.010587930679	250013103.49975	19999999.437	26044260.521	0.427246
336.008990049362	250013103.5005	19999999.5039999	25988616.724	0.430298
337.007390975952	250013103.5	20000000.934	26003446.296	0.431519
338.005793094635	250013103.5	20000000.961	25958908.772	0.43457
339.004194974899	250013103.50025	19999999.61	25978863.253	0.432739
340.002597093582	250013103.5	19999998.6370001	25865266.964	0.429688
341.000998973846	250013103.5005	20000000.7629999	25986419.248	0.431519
342.015000104904	250013103.49925	19999999.342	25955482.035	0.432129
343.013401985168	250013103.50025	20000000.159	25802631.826	0.43335
344.011804103851	250013103.5	20000001.119	25907300.076	0.430908
345.010205984116	250013103.49975	19999999.483	25851765.3970001	0.435791
346.008608102798	250013103.50025	20000000.306	25821727.0319999	0.438232
347.015008926392	250013103.50025	19999999.806	25761541.7310001	0.426636
348.013411045074	250013103.5	19999999.826	25802898.5109999	0.426636
349.011812925339	250013103.5005	19999999.2440001	25885622.481	0.437622
350.010214090347	250013103.49975	20000001.678	25893765.826	0.435791
351.008615970612	250013103.5	19999998.732	26029053.674	0.437622
352.007018089294	250013103.5	19999999.739	25852989.194	0.421143
353.005419969559	250013103.499	20000000.4960001	25857257.469	0.429688
354.003822088242	250013103.49975	19999999.327	25873592.358	0.437622
355.002223014832	250013103.5005	20000000.579	25893120.878	0.43396
356.000624895096	250013103.5005	20000000.14	25883390.89	0.436401
357.014626979828	250013103.49925	19999999.907	25900249.313	0.435181
358.013029098511	250013103.5	20000000.305	25919588.008	0.435791
359.011430025101	250013103.50025	19999999.609	25908816.97	0.438232
360.009831905365	250013103.49925	20000000.347	25916295.848	0.436401
361.008234024048	250013103.501	19999999.099	25937173.845	0.43396
362.006635904312	250013103.49975	19999999.735	25944321.955	0.43396
363.005037069321	250013103.4995	20000001.581	26004067.434	0.432129
364.003438949585	250013103.5005	19999998.441	25901491.908	0.438843
365.001841068268	250013103.4995	20000000.577	25790376.997	0.430298
366.015842914581	250013103.5005	20000000.343	25766003.789	0.43335
367.01424407959	250013103.50075	20000000.204	25807145.391	0.435181
368.012645959854	250013103.499	19999999.964	25811735.655	0.43396
369.011048078537	250013103.50025	19999999.343	25827051.786	0.435181
370.009449958801	250013103.49975	20000000.386	25718304.113	0.427246
371.007850885391	250013103.5	20000000.065	25808765.734	0.440064
372.006253004074	250013103.50025	19999999.47	25871104.271	0.430908
373.004654884338	250013103.49975	20000000.634	25820875.0879999	0.435791
374.003057003021	250013103.5	20000000.088	25787865.085	0.43335
375.001457929611	250013103.5005	19999999.159	25784065.4810001	0.436401
376.015460014343	250013103.50025	20000000.771	25764312.4699999	0.437012
377.013861894608	250013103.499	19999999.338	25890961.3890001	0.43457
378.01226401329	250013103.5005	19999999.224	25808385.799	0.440674
379.01066493988	250013103.5	20000001.239	25791558.757	0.43457
380.009067058563	250013103.49975	19999999.939	25759432.3249999	0.438843
381.007468938828	250013103.5005	19999999.992	25743232.2770001	0.437622
382.00587105751	250013103.4995	19999999.061	25827699.592	0.438232
383.0042719841	250013103.5	20000000.642	25762784.318	0.437012
384.002674102783	250013103.50025	19999999.781	25877520.174	0.432739
385.001075983047	250013103.49975	20000000.1700001	25850381.274	0.436401
386.01507806778	250013103.50075	20000000.8199999	25837423.8939999	0.435791
387.01347899437	250013103.49975	19999998.885	25804387.796	0.436401
388.011880874634	250013103.49975	20000000.5350001	25789615.1720001	0.432739
389.010282993317	250013103.5	19999999.755	25826341.0039999	0.432739
390.008684873581	250013103.49975	20000000.242	25836972.216	0.437012
391.007086992264	250013103.50075	19999999.875	25783300.73	0.435181
392.005487918854	250013103.49925	20000000.043	25786040.674	0.430908
393.003890037537	250013103.50075	20000000.895	25808531.95	0.436401
394.002291917801	250013103.49925	19999998.987	25770469.73	0.43396
395.016294002533	250013103.49975	20000000.378	25808807.793	0.436401
396.014694929123	250013103.50025	19999999.21	25781924.323	0.437622
397.013097047806	250013103.5	20000001.068	25782093.076	0.437012
398.01149892807	250013103.50025	20000000.089	25871516.041	0.437012
399.009901046753	250013103.49975	19999999.826	25800280.615	0.43335
400.008301973343	250013103.501	19999999.788	25775555.801	0.436401
401.006704092026	250013103.49975	19999999.5990001	25781190.608	0.43335
402.00510597229	250013103.50025	19999999.3629999	25778745.617	0.437622
403.003508090973	250013103.49925	20000000.6880001	25841558.527	0.43457
404.001909017563	250013103.49975	20000000.7029999	25777953.888	0.432129
405.015911102295	250013103.50025	19999999.5930001	25815970.003	0.43396
406.014312982559	250013103.50025	20000000.5109999	25822290.041	0.437012
407.012715101242	250013103.49975	20000000.155	25820626.275	0.430298
408.011116027832	250013103.50025	19999999.647	25807631.456	0.437622
409.009517908096	250013103.5	19999999.682	25778424.355	0.43396
410.007920026779	250013103.5	19999999.754	25806011.767	0.436401
411.006321907043	250013103.49975	19999999.968	25799498.994	0.432739
412.004723072052	250013103.5005	20000001.227	25746100.61	0.43457
413.003124952316	250013103.49925	19999998.713	25725436.596	0.440064
414.001527070999	250013103.5	19999999.947	25767373.1750001	0.437622
415.015528917313	250013103.5005	20000000.825	25737125.8709999	0.43335
416.013930082321	250013103.49975	20000000.911	25780102.233	0.437012
417.012331962585	250013103.49975	19999998.771	25762385.997	0.435791
418.010734081268	250013103.5005	20000000.409	25785229.214	0.435181
419.009135961533	250013103.5	19999999.641	25722001.895	0.441284
420.007536888123	250013103.4995	19999999.473	25749611.23	0.435791
421.005939006805	250013103.5	20000000.844	25711152.209	0.43335
422.00434088707	250013103.4995	19999999.36	25766154.4170001	0.438843
423.002743005753	250013103.5	20000000.205	25773947.934	0.43457
424.016743898392	250013103.50075	20000000.259	25760675.6029999	0.438232
425.015146017075	250013103.49925	20000000.267	25808305.2310001	0.435791
426.013547897339	250013103.5005	20000000.269	25834910.997	0.440064
427.011950016022	250013103.5005	19999998.905	25811933.812	0.440064
428.010350942612	250013103.49975	20000000.483	25765444.586	0.422974
429.008753061295	250013103.5005	20000000.087	25837326.5239999	0.430298
430.007154941559	250013103.499	19999999.487	25822199.2620001	0.43396
431.005557060242	250013103.5005	20000000.405	25808278.663	0.432739
432.003958940506	250013103.49975	19999999.872	25796827.776	0.429077
433.002360105515	250013103.5	19999999.873	25821334.759	0.435791
434.016361951828	250013103.5	20000000.385	25827064.02	0.435791
435.014764070511	250013103.50025	19999999.804	25803155.269	0.435181
436.013165950775	250013103.5005	19999999.326	25745651.785	0.429688
437.011566877365	250013103.49975	20000001.311	25844989.213	0.437012
438.009968996048	250013103.4995	19999999.2620001	25781320.662	0.429077
439.008370876312	250013103.5	19999999.9009999	25716558.593	0.43457
440.006772994995	250013103.50025	20000000.404	25704377.694	0.437622
441.005173921585	250013103.50075	19999999.975	25683501.075	0.427857
442.003576040268	250013103.49975	19999999.351	25694562.008	0.437012
443.001977920532	250013103.49975	20000000.873	25733428.677	0.437012
444.015980005264	250013103.4995	19999998.762	25834069.534	0.43457
445.014380931854	250013103.501	20000000.1850001	25831532.824	0.435791
446.012783050537	250013103.49875	20000000.295	25783131.204	0.436401
447.011184930801	250013103.5	19999999.592	25777738.235	0.43396
448.009587049484	250013103.501	20000000.86	25808981.4130001	0.430298
449.007987976074	250013103.499	20000000.329	25736807.9619999	0.438232
450.006390094757	250013103.501	19999999.7080001	25825788.553	0.438843
451.004791975021	250013103.49975	19999999.971	25785927.832	0.430908
452.003194093704	250013103.49975	20000000.0139999	25724419.993	0.438232
453.001595020294	250013103.5	19999999.179	25808819.938	0.436401
454.015597105026	250013103.501	20000000.855	25745755.475	0.436401
455.013998985291	250013103.49875	19999999.817	25782922.4170001	0.436401
456.012401103973	250013103.49975	19999999.855	25784847.8629999	0.429688
457.010802030563	250013103.501	19999999.895	25879707.0980001	0.426636
458.009203910828	250013103.5	20000000.003	25827096.308	0.438232
459.007606029511	250013103.5	20000000.5599999	25913964.053	0.436401
460.006007909775	250013103.499	19999999.656	25934608.9150001	0.438843
461.004409074783	250013103.50025	19999999.392	25989328.967	0.430298
462.002810955048	250013103.50025	20000001.329	25888366.229	0.440064
463.01681303978	250013103.5	19999999.2	25927382.515	0.430298
464.015214920044	250013103.50025	19999999.849	25883160.002	0.432129
465.013616085052	250013103.5	19999999.347	25853099.383	0.435791
466.012017965317	250013103.49975	20000001.338	25883202.237	0.436401
467.010420084	250013103.5	20000000.085	25834596.2030001	0.435791
468.008821964264	250013103.5	19999998.72	25830520.8499999	0.430298
469.007224082947	250013103.5	20000001.089	25819676.8800001	0.437622
470.005625009537	250013103.5	19999998.801	25709360.0599999	0.436401
471.004026889801	250013103.5	19999999.672	25670181.976	0.43396
472.002429008484	250013103.49975	20000000.654	25731908.534	0.432129
473.016431093216	250013103.50075	19999999.918	25899483.488	0.435181
474.014832019806	250013103.49975	20000000.2	25829579.105	0.438232
475.01323390007	250013103.49975	20000000.536	25745636.386	0.43396
476.011636018753	250013103.5	20000000.385	25795475.697	0.43335
477.010037899017	250013103.50075	19999999.625	25825267.104	0.432739
478.008439064026	250013103.499	19999999.666	25794236.563	0.435181
479.00684094429	250013103.50025	20000000.734	25750647.024	0.431519
480.005243062973	250013103.50025	19999999.024	25770971.983	0.438843
481.003644943237	250013103.50075	19999999.203	25716355.255	0.43335
482.002046108246	250013103.499	20000001.28	25713973.337	0.437012
483.016047954559	250013103.49925	19999999.226	25801461.783	0.432739
484.014450073242	250013103.50025	19999999.441	25788697.605	0.436401
485.012851953506	250013103.5	19999999.981	25842019.324	0.437622
486.011252880096	250013103.5	20000000.518	25849532.083	0.440064
487.009654998779	250013103.501	20000000.349	25827765.792	0.435791
488.008056879044	250013103.49925	20000000.0259999	25862997.193	0.43335
489.006458997726	250013103.50025	20000000.7420001	25840480.885	0.427246
490.004859924316	250013103.5005	19999999.7839999	25809359.883	0.43457
491.003262042999	250013103.4995	19999999.4530001	25813415.212	0.431519
492.017263889313	250013103.50025	19999999.54	25803220.73	0.429077
493.015666007996	250013103.49925	20000000.749	25802015.4270001	0.437622
494.014066934586	250013103.501	20000000.296	25738554.8569999	0.435791
495.012469053268	250013103.49925	19999999.524	25770742.409	0.438232
496.010870933533	250013103.50075	19999999.814	25833930.867	0.435791
497.009273052216	250013103.50025	20000000.319	25835662.862	0.429688
498.007673978806	250013103.499	20000000.015	25869644.1390001	0.43396
499.006076097488	250013103.50025	20000000.64	25908013.1489999	0.43457
500.004477977753	250013103.5	19999999.256	25832846.2190001	0.437012
501.002880096436	250013103.5	19999999.6969999	25835229.6329999	0.435181
502.016880989075	250013103.50025	20000000.2010001	25837706.766	0.428467
503.015283107758	250013103.5	20000000.0719999	25844787.173	0.43335
504.013684988022	250013103.4995	20000001.021	25858432.3660001	0.437012
505.012087106705	250013103.50025	19999998.719	25828100.896	0.43457
506.010488033295	250013103.49975	20000000.291	25879300.193	0.430908
507.008889913559	250013103.5005	20000000.993	25893170.587	0.435791
508.007292032242	250013103.5	19999999.1160001	25843247.405	0.436401
509.005693912506	250013103.49975	20000000.316	25780293.202	0.430298
510.004096031189	250013103.50025	19999999.911	25763184.982	0.432129
511.002496957779	250013103.4995	19999999.638	25839909.197	0.436401
512.016499042511	250013103.50075	19999999.704	25832454.768	0.432739
513.014900922775	250013103.49975	20000000.428	25740196.7429999	0.43396
514.013303041458	250013103.49975	19999999.6209999	25716079.878	0.432739
515.011703968048	250013103.499	20000001.633	25738483.9430001	0.432129
516.010106086731	250013103.50125	19999998.922	25742092.581	0.435181
517.008507966995	250013103.49975	19999999.119	25693178.061	0.43335
518.006910085678	250013103.49975	20000001.074	25722112.419	0.437012
519.005311012268	250013103.5005	19999999.49	25630959.331	0.430298
520.003712892532	250013103.49925	20000000.391	25731475.512	0.43396
521.017714977264	250013103.50025	19999999.25	25732800.012	0.435791
522.016117095947	250013103.5	19999999.399	25843248.611	0.432129
523.014518022537	250013103.4995	20000001.741	25849298.175	0.437622
524.012919902802	250013103.501	19999999.703	25869328.313	0.432129
525.011322021484	250013103.5	19999999.333	25814174.409	0.436401
526.009723901749	250013103.49925	20000001.511	25814291.837	0.432739
527.008125066757	250013103.50075	19999997.925	25894009.321	0.435791
528.006526947021	250013103.49975	20000001.534	25809036.464	0.436401
529.004929065704	250013103.50025	19999998.566	25771849.715	0.43396
530.003330945969	250013103.49975	20000001.481	25772625.722	0.432129
531.017332077026	250013103.5	19999999.602	25762932.343	0.435791
532.015733957291	250013103.5	20000000.073	25753078.831	0.432129
533.014136075974	250013103.50025	19999999.782	25696451.277	0.438843
534.012537956238	250013103.49975	19999999.972	25694622.783	0.437012
535.010938882828	250013103.49975	19999999.226	25651087.1630001	0.43396
536.009341001511	250013103.5	20000001.278	25678519.507	0.432129
537.007742881775	250013103.49975	19999999.984	25707889.005	0.438232
538.006145000458	250013103.5005	20000000.457	25788759.3760001	0.43457
539.004545927048	250013103.5005	19999999.652	25791413.658	0.427857
540.002948045731	250013103.4995	19999999.367	25646790.655	0.430298
541.016949892044	250013103.5005	19999999.114	25791547	0.437012
542.015352010727	250013103.49975	20000000.056	25785695.323	0.438843
543.013752937317	250013103.49925	20000001.304	25782109.0470001	0.435181
544.012155056	250013103.50025	19999999.52	25674084.109	0.43457
545.010556936264	250013103.49975	20000000.2000001	25727044.993	0.437622
546.008959054947	250013103.49975	20000000.073	25741266.299	0.429688
547.007360935211	250013103.5005	19999999.6750001	25695358.4879999	0.429077
548.00576210022	250013103.5	19999999.9369999	25588779.8510001	0.427857
549.004163980484	250013103.50075	19999999.8670001	25668918.3329999	0.437012
550.018166065216	250013103.499	20000000.1209999	25638428.2970001	0.436401
551.01656794548	250013103.50025	20000000.7870001	25573121.556	0.440064
552.01496887207	250013103.5005	19999999.66	25579675.692	0.437622
553.013370990753	250013103.50075	20000000.122	25606386.997	0.435181
554.011773109436	250013103.49875	19999999.9680001	25667574.47	0.437012
555.0101749897	250013103.50025	20000000.9649999	25668210.025	0.438232
556.00857591629	250013103.5	19999999.4360001	25692358.722	0.429688
557.006978034973	250013103.5005	19999998.6619999	25649701.464	0.437012
558.005379915237	250013103.5	19999999.985	25691778.898	0.437012
559.00378203392	250013103.49925	20000001.248	25660091.305	0.438232
560.017782926559	250013103.49975	20000000.5339999	25624789.179	0.43396
561.016185045242	250013103.50075	19999998.031	25659766.52	0.430908
562.014586925507	250013103.49975	20000001.774	25618632.231	0.435181
563.012989044189	250013103.50025	19999998.2839999	25605599.258	0.437622
564.011389970779	250013103.50025	20000000.115	25634674.049	0.437622
565.009792089462	250013103.49975	20000000.8180001	25584202.013	0.432129
566.008193969727	250013103.5	20000000.1259999	25623562.573	0.43335
567.006596088409	250013103.4995	19999998.612	25635299.196	0.437622
568.004997014999	250013103.50075	20000000.937	25665701.499	0.430908
569.003398895264	250013103.4995	19999999.219	25692369.646	0.43396
570.017400979996	250013103.5005	20000001.263	25591602.206	0.432739
571.015803098679	250013103.4995	19999998.958	25586808.555	0.435791
572.014204025269	250013103.49975	20000000.669	25588016.472	0.43396
573.012605905533	250013103.5	19999999.397	25567757.217	0.437622
574.011008024216	250013103.5	20000001.57	25504690.806	0.435181
575.00940990448	250013103.5005	19999999.097	25531755.284	0.435181
576.007811069489	250013103.49975	19999999.86	25565060.127	0.43457
577.006212949753	250013103.4995	20000000.493	25571132.869	0.432129
578.004615068436	250013103.49975	19999999.831	25560611.291	0.438232
579.018616914749	250013103.5005	19999999.339	25622003.204	0.435181
580.017018079758	250013103.5005	19999999.55	25578905.906	0.437622
581.015419960022	250013103.49975	19999999.737	25544047.579	0.431519
582.013822078705	250013103.5	20000000.348	25650041.27	0.43457
583.012223958969	250013103.50025	20000000.653	25664093.525	0.43335
584.010624885559	250013103.49975	20000000.324	25551994.198	0.432739
585.009027004242	250013103.50025	19999999.885	25614241.886	0.437622
586.007428884506	250013103.5	19999999.69	25564320.293	0.439453
587.005831003189	250013103.5005	20000000.661	25604375.354	0.438232
588.004232883453	250013103.49925	19999999.262	25561004.495	0.438843
589.018234014511	250013103.5	19999999.842	25527155.6240001	0.440064
590.016635894775	250013103.49975	20000001.092	25605491.309	0.438232
591.015038013458	250013103.50025	19999998.442	25511823.0469999	0.43457
592.013439893723	250013103.5	20000001.221	25611261.36	0.437012
593.011841058731	250013103.49975	19999999.068	25610657.464	0.437012
594.010242938995	250013103.50025	20000001.496	25605318.697	0.43335
595.008645057678	250013103.5	19999999.118	25526578.74	0.435791
596.007046937943	250013103.49975	19999999.227	25639736.981	0.430298
597.005448102951	250013103.5	20000001.817	25537356.0020001	0.436401
598.003849983215	250013103.50025	19999998.663	25555653.3889999	0.440674
599.017852067947	250013103.50025	19999999.722	25607908.485	0.437622
600.016253948212	250013103.50025	20000000.594	25656359.848	0.436401
601.014654874802	250013103.4995	20000000.4729999	25625528.317	0.435791
602.013056993485	250013103.50025	19999999.3710001	25655183.513	0.432739
603.011458873749	250013103.4995	20000000.4579999	25533082.107	0.437622
604.009860992432	250013103.49975	19999999.636	25576364.3	0.43457
605.008261919022	250013103.50125	19999999.2640001	25565792.378	0.429077
606.006664037704	250013103.4985	20000000.359	25448155.184	0.435791
607.005065917969	250013103.5005	19999999.732	25547978.878	0.430298
608.019068002701	250013103.5005	20000000.975	25562003.362	0.435791
609.017468929291	250013103.50025	20000000.2689999	25478060.189	0.43335
610.015871047974	250013103.4995	20000000.181	25482299.9590001	0.435181
611.014272928238	250013103.5005	19999999.021	25445810.122	0.435791
612.012675046921	250013103.49975	20000000.306	25453896.621	0.438843
613.011075973511	250013103.49975	20000000.069	25552078.536	0.438232
614.009478092194	250013103.4995	20000000.217	25467672.154	0.432739
615.007879972458	250013103.50075	19999999.638	25467260.269	0.435181
616.006282091141	250013103.49975	19999999.577	25388585.826	0.443726
617.004683017731	250013103.5	20000000.619	25514246.909	0.440064
618.018685102463	250013103.49975	20000000.352	25536072.119	0.436401
619.017086982727	250013103.49975	19999998.722	25565137.178	0.442505
620.01548910141	250013103.50075	20000000.324	25592312.8149999	0.438232
621.013890028	250013103.499	20000001.107	25628779.733	0.43457
622.012291908264	250013103.49975	19999999.689	25580559.704	0.438232
623.010694026947	250013103.50075	20000000.129	25650264.8659999	0.43396
624.009095907211	250013103.49975	19999999.618	25567706.9680001	0.438232
625.007498025894	250013103.50125	19999999.553	25625252.898	0.437622
626.005898952484	250013103.4995	19999999.783	25606896.295	0.437622
627.004301071167	250013103.49975	20000000.208	25550190.8940001	0.43396
628.01830291748	250013103.50025	19999999.608	25535228.5929999	0.435181
629.016705036163	250013103.49975	20000001.272	25554619.115	0.435791
630.015105962753	250013103.5	19999998.897	25532031.5090001	0.432129
631.013508081436	250013103.50025	20000000.119	25530127.4629999	0.428467
632.0119099617	250013103.4995	20000000.81	25492580.37	0.441284
633.010312080383	250013103.501	19999999.93	25558948.747	0.424805
634.008713006973	250013103.4995	20000000.071	25578784.6110001	0.429688
635.007114887238	250013103.49925	19999998.74	25513233.908	0.437012
636.00551700592	250013103.5	20000001.424	25567287.515	0.428467
637.003918886185	250013103.50075	19999999.305	25536197.146	0.437012
638.017920017242	250013103.5	19999999.806	25559715.5499999	0.432129
639.016321897507	250013103.5005	20000000.473	25554943.758	0.440064
640.01472401619	250013103.4985	19999999.254	25523633.613	0.43335
641.013125896454	250013103.50075	19999999.776	25489128.792	0.437012
642.011527061462	250013103.49975	20000001.95	25541047.301	0.435791
643.009928941727	250013103.5	19999998.347	25551982.756	0.438232
644.00833106041	250013103.5	20000000.106	25526624.335	0.437012
645.006732940674	250013103.5	20000000.59	25524043.684	0.43396
646.005134105682	250013103.5005	20000000.031	25493136.256	0.441895
647.019135951996	250013103.4995	19999999.203	25481918.906	0.43396
648.017538070679	250013103.5005	20000001.115	25517899.617	0.432129
649.015939950943	250013103.49975	19999998.846	25562068.136	0.430298
650.014340877533	250013103.5005	20000000.3480001	25489352.457	0.438232
651.012742996216	250013103.4995	20000000.806	25380513.538	0.430908
652.01114487648	250013103.49975	19999999.5499999	25436592.247	0.431519
653.009546995163	250013103.5	19999999.945	25350325.157	0.43457
654.007947921753	250013103.5	19999999.791	25477222.274	0.437012
655.006350040436	250013103.50075	20000000.204	25473654.502	0.431519
656.0047519207	250013103.49975	19999999.6619999	25500056.263	0.426636
657.018754005432	250013103.5005	20000000.028	25480262.652	0.438843
658.017154932022	250013103.49975	19999999.9120001	25534481.273	0.429688
659.015557050705	250013103.4995	19999999.962	25538539.742	0.43457
660.013958930969	250013103.50025	20000000.028	25505201.994	0.440674
661.012361049652	250013103.5	20000000.443	25469263.3430001	0.438232
662.010761976242	250013103.49975	20000000.717	25447890.2399999	0.438843
663.009164094925	250013103.49925	19999998.5	25427160.0910001	0.437622
664.007565975189	250013103.50025	20000001.234	25488206.696	0.43396
665.005968093872	250013103.50075	19999999.312	25466190.3329999	0.440064
666.004369974136	250013103.4995	20000000.395	25435380.7160001	0.435181
667.018371105194	250013103.50025	19999998.719	25494322.3529999	0.430298
668.016772985458	250013103.5	20000000.6190001	25456718.281	0.423584
669.015175104141	250013103.4995	20000000.8399999	25435173.016	0.435181
670.013576984406	250013103.50025	20000000.122	25380832.041	0.427246
671.011977910995	250013103.5005	20000000.472	25380748.476	0.435791
672.010380029678	250013103.49925	19999999.108	25369489.562	0.442505
673.008781909943	250013103.50075	19999999.238	25411043.939	0.43457
674.007184028625	250013103.4995	20000000.135	25545184.523	0.439453
675.005584955215	250013103.4995	20000000.3149999	25657590.4269999	0.439453
676.019587039948	250013103.50075	20000000.092	25573475.8460001	0.437012
677.017988920212	250013103.50025	20000000.174	25525639.557	0.432739
678.016391038895	250013103.49975	19999999.774	25577333.63	0.435181
679.014791965485	250013103.5	19999999.551	25587249.7709999	0.438232
680.013194084167	250013103.49975	20000000.31	25578900.3690001	0.441284
681.011595964432	250013103.50025	20000000.77	25601679.0339999	0.438843
682.009998083115	250013103.5	19999999.818	25566127.039	0.437622
683.008399009705	250013103.5	20000000.008	25659220.793	0.432739
684.006800889969	250013103.5	19999998.938	25617935.1	0.430908
685.005203008652	250013103.4995	20000000.31	25599105.77	0.437012
686.019205093384	250013103.50075	19999999.891	25651862.627	0.43457
687.017606019974	250013103.49975	20000000.853	25586261.243	0.437012
688.016007900238	250013103.49975	19999999.177	25691413.487	0.43396
689.014410018921	250013103.5005	20000000.744	25604720.035	0.43457
690.012811899185	250013103.4995	19999999.072	25743903.522	0.431519
691.011213064194	250013103.50025	20000001.978	25621342.816	0.437012
692.009614944458	250013103.49975	19999998.279	25642978.94	0.438843
693.008017063141	250013103.50025	20000000.705	25597197.548	0.43457
694.006418943405	250013103.50025	19999998.975	25713294.722	0.430908
695.004820108414	250013103.5	20000001.183	25525119.954	0.439453
696.018821954727	250013103.4995	19999999.978	25596717.158	0.436401
697.01722407341	250013103.50025	20000000.173	25510441.723	0.439453
698.015625953674	250013103.4995	19999999.196	25569743.446	0.437012
699.014026880264	250013103.49975	20000000.442	25509664.726	0.435181
700.012428998947	250013103.5	19999999.278	25513530.693	0.437012
701.010830879211	250013103.501	20000000.351	25517644.499	0.438232
702.009232997894	250013103.4995	20000000.593	25443876.363	0.432129
703.007634878159	250013103.49875	19999999.2460001	25423592.187	0.441895
704.006036043167	250013103.50175	20000000.8859999	25478714.906	0.440064
705.020037889481	250013103.50025	20000000.2720001	25503445.02	0.431519
706.018440008163	250013103.4995	19999999.087	25461243.3840001	0.437012
707.016841888428	250013103.5	19999999.976	25421084.882	0.440064
708.015243053436	250013103.5005	20000000.187	25474752.7079999	0.438232
709.013644933701	250013103.49925	19999999.502	25557265.6670001	0.435791
710.012047052383	250013103.5005	20000000.577	25544963.087	0.439453
711.010448932648	250013103.5	19999999.5319999	25448922.107	0.43396
712.008850097656	250013103.49975	19999999.411	25455597.8889999	0.430298
713.007251977921	250013103.5	20000000.613	25495911.798	0.43396
714.005654096603	250013103.5005	19999999.721	25467020.024	0.43396
715.019655942917	250013103.499	20000000.512	25563022.89	0.430298
716.018057107925	250013103.501	19999999.34	25481221.265	0.438843
717.01645898819	250013103.5	20000000.96	25511017.0040001	0.438232
718.014861106873	250013103.4995	19999999.033	25554046.429	0.437622
719.013262987137	250013103.49975	20000000.914	25583640.9269999	0.43457
720.011663913727	250013103.50025	19999999.398	25601706.094	0.43335
721.01006603241	250013103.5	20000000.102	25583142.2230001	0.438232
722.008467912674	250013103.50025	20000000.5539999	25571566.875	0.43457
723.006870031357	250013103.49925	19999998.531	25534424.311	0.439453
724.005270957947	250013103.5	20000000.7260001	25549392.225	0.437622
725.019273042679	250013103.5005	19999999.957	25513853.308	0.440674
726.017674922943	250013103.4995	20000001.342	25474568.077	0.438232
727.016077041626	250013103.5005	19999999.359	25455925.393	0.442505
728.014477968216	250013103.5	19999999.7359999	25523098.443	0.435791
729.012880086899	250013103.50025	20000000.615	25492528.175	0.436401
730.011281967163	250013103.5	20000000.357	25536332.724	0.430298
731.009684085846	250013103.50025	19999998.378	25618523.823	0.435181
732.008085012436	250013103.4995	20000001.354	25686157.962	0.439453
733.0064868927	250013103.50025	19999998.749	25763106.851	0.440064
734.020488977432	250013103.50025	20000000.44	25599592.531	0.43457
735.018891096115	250013103.4995	20000000.006	25692838.962	0.432129
736.017292022705	250013103.50025	20000000.614	25680027.224	0.437012
737.015693902969	250013103.4995	19999999.963	25593302.913	0.430298
738.014096021652	250013103.50025	19999999.498	25546556.063	0.430298
739.012497901917	250013103.501	19999999.558	25619426.029	0.437012
740.010899066925	250013103.49925	20000000.225	25532818.628	0.435791
741.009300947189	250013103.4995	20000001.317	25526127.762	0.439453
742.007703065872	250013103.50075	19999998.123	25424562.764	0.441284
743.006104946136	250013103.5	20000000.62	25353825.799	0.438843
744.020107030869	250013103.4995	20000000.391	25345996.553	0.436401
745.018507957459	250013103.49925	20000000.281	25389769.829	0.436401
746.016910076141	250013103.5005	20000000.207	25424601.4220001	0.430908
747.015311956406	250013103.5	19999999.116	25530571.5109999	0.431519
748.013714075089	250013103.50025	19999999.96	25497694.181	0.437012
749.012115001678	250013103.49975	19999999.832	25447602.8740001	0.430908
750.010516881943	250013103.49975	19999999.797	25429839.281	0.429077
751.008919000626	250013103.5	20000000.113	25444063.0849999	0.43457
752.00732088089	250013103.5	20000001.31	25494571.7820001	0.441284
753.005722045898	250013103.5005	19999999.763	25474194.429	0.439453
754.019723892212	250013103.4995	19999998.947	25585028.456	0.438843
755.018126010895	250013103.50075	20000000.007	25518657.823	0.430908
756.016527891159	250013103.49975	20000000.3250001	25612654.998	0.441284
757.014929056168	250013103.5	20000000.262	25519055.248	0.438843
758.013330936432	250013103.50025	20000000.87	25617725.8329999	0.438232
759.011733055115	250013103.5005	19999998.186	25570359.082	0.440064
760.010134935379	250013103.49925	20000000.378	25526378.345	0.441284
761.008536100388	250013103.5	19999999.9	25560817.614	0.435791
762.006937980652	250013103.49975	20000000.807	25569541.296	0.438232
763.020940065384	250013103.49975	19999999.383	25515992.398	0.438232
764.019341945648	250013103.49975	20000000.8529999	25528382.311	0.439453
765.017742872238	250013103.50025	19999998.682	25524413.016	0.43457
766.016144990921	250013103.50125	20000001.1	25566559.909	0.437622
767.014546871185	250013103.49875	19999999.247	25456318.276	0.435181
768.012948989868	250013103.50075	20000000.7230001	25448563.732	0.432739
769.011349916458	250013103.49975	19999999.2839999	25508361.159	0.439453
770.009752035141	250013103.49975	20000000.474	25558400.651	0.438232
771.008153915405	250013103.50075	20000000.0010001	25516163.32	0.438843
772.006556034088	250013103.49975	19999999.5829999	25471406.297	0.441895
773.020556926727	250013103.49975	20000001.1070001	25394264.415	0.438232
774.01895904541	250013103.5	19999999.2249999	25438549.277	0.432129
775.017360925674	250013103.5005	19999999.5	25427360.201	0.438843
776.015763044357	250013103.49925	20000000.9230001	25444655.678	0.430908
777.014163970947	250013103.5	20000000.117	25365952.406	0.43457
778.01256608963	250013103.5	19999999.77	25340140.556	0.436401
779.010967969894	250013103.50025	20000000.0369999	25382694.068	0.441895
780.009370088577	250013103.49975	20000000.115	25390885.14	0.437012
781.007771968842	250013103.50025	20000000.385	25534864.614	0.441284
782.006172895432	250013103.5	19999999.199	25450678.112	0.438232
783.020174980164	250013103.49975	20000000.456	25405223.724	0.43335
784.018577098846	250013103.5005	19999999.994	25464674.432	0.43457
785.016978979111	250013103.49975	19999998.861	25476551.989	0.437012
786.015379905701	250013103.5	20000001.361	25430418.04	0.435791
787.013782024384	250013103.5005	19999999.684	25429847.249	0.430908
788.012183904648	250013103.49975	19999999.079	25502109.5319999	0.436401
789.010586023331	250013103.5	20000000.162	25407238.4430001	0.43396
790.008986949921	250013103.5	19999999.983	25456993.16	0.43457
791.007389068604	250013103.49975	20000000.293	25402501.6390001	0.435181
792.005790948868	250013103.4995	20000000.357	25396020.908	0.437012
793.0197930336	250013103.5	19999999.585	25414625.3329999	0.438843
794.01819396019	250013103.50075	20000000.527	25350759.643	0.426636
795.016596078873	250013103.49975	19999999.013	25466923.2999999	0.438232
796.014997959137	250013103.5	20000000.501	25489991.0010001	0.443726
797.01340007782	250013103.50025	20000000.485	25528540.391	0.432739
798.01180100441	250013103.49975	20000000.431	25453480.038	0.437012
799.010202884674	250013103.5	19999998.941	25497422.8329999	0.430908
800.008605003357	250013103.4995	20000001.049	25455991.266	0.43335
801.007006883621	250013103.5005	19999999.535	25476010.998	0.428467
802.021008014679	250013103.49975	20000000.161	25488872.173	0.43396
803.019409894943	250013103.50025	20000000.1199999	25457865.393	0.438232
804.017812013626	250013103.50025	19999999.921	25386772.21	0.43457
805.01621389389	250013103.49975	19999999.612	25417084.6329999	0.437012
806.014615058899	250013103.5	19999998.984	25451690.9560001	0.43457
807.013016939163	250013103.4995	20000001.543	25417103.7229999	0.437012
808.011419057846	250013103.49975	19999999.759	25449923.163	0.435791
809.00982093811	250013103.5005	19999999.8340001	25440370.7180001	0.428467
810.008222103119	250013103.5005	19999999.392	25412580.435	0.438843
811.006623983383	250013103.5	19999999.543	25368279.427	0.440674
812.020626068115	250013103.49975	20000001.2670001	25407203.884	0.440064
813.01902794838	250013103.5005	19999999.512	25357653.588	0.435791
814.017428874969	250013103.4995	19999999.579	25354715.299	0.430298
815.015830993652	250013103.49975	20000000.11	25366218.941	0.436401
816.014232873917	250013103.5005	20000000.3939999	25293935.264	0.43335
817.012634992599	250013103.50025	20000000.6650001	25315175.928	0.439453
818.011035919189	250013103.4995	19999999.268	25211491.621	0.435791
819.009438037872	250013103.49925	20000000.2529999	25294826.216	0.437622
820.007839918137	250013103.501	19999999.903	25257150.405	0.437622
821.006242036819	250013103.49925	20000000.903	25277065.056	0.439453
822.020243883133	250013103.501	19999998.985	25312781.942	0.437622
823.018645048141	250013103.49975	20000000.375	25336546.185	0.432739
824.017046928406	250013103.50025	20000000.0990001	25245270.714	0.428467
825.015449047089	250013103.49925	19999999.349	25293473.035	0.432129
826.013850927353	250013103.49975	19999999.255	25235419.32	0.430298
827.012252092361	250013103.50025	20000001.1669999	25261746.091	0.429077
828.010653972626	250013103.5005	20000000.4330001	25241160.343	0.437012
829.009056091309	250013103.49925	19999998.8729999	25279478.467	0.438232
830.007457971573	250013103.5	19999999.607	25250115.5829999	0.430908
831.021459102631	250013103.5005	20000001.245	25271849.516	0.437012
832.019860982895	250013103.5	19999999.2930001	25314863.697	0.438232
833.018263101578	250013103.49925	20000000.2759999	25302692.909	0.432129
834.016664981842	250013103.501	19999999.437	25292037.601	0.429688
835.015065908432	250013103.4995	20000000.197	25234117.117	0.43335
836.013468027115	250013103.5	20000000.773	25262863.37	0.426636
837.011869907379	250013103.50025	19999999.568	25307142.615	0.438843
838.010272026062	250013103.50025	20000000.277	25305398.48	0.438843
839.008672952652	250013103.49975	19999999.709	25262118.732	0.440064
840.007075071335	250013103.49925	20000000.647	25328664.68	0.437012
841.021076917648	250013103.50175	19999999.101	25301252.2180001	0.435791
842.019479036331	250013103.499	20000001.51	25373728.2869999	0.427246
843.017879962921	250013103.49925	19999999.16	25373935.3510001	0.43335
844.016282081604	250013103.5005	19999999.731	25294153.107	0.436401
845.014683961868	250013103.50025	20000001.252	25399309.355	0.437012
846.013086080551	250013103.50025	19999998.663	25447011.918	0.440674
847.011487007141	250013103.50025	20000000.129	25419728.494	0.440064
848.009888887405	250013103.49925	20000000.178	25294504.85	0.440064
849.008291006088	250013103.5005	19999999.945	25433973.485	0.436401
850.006692886353	250013103.5	20000000.21	25339435.406	0.437012
851.02069401741	250013103.5	20000000.085	25304597.772	0.440064
852.019095897675	250013103.49975	19999999.404	25234629.249	0.431519
853.017498016357	250013103.49975	20000000.145	25392747.651	0.438232
854.015899896622	250013103.5005	19999999.874	25244359.994	0.437012
855.01430106163	250013103.499	19999999.774	25334986.559	0.432129
856.012702941895	250013103.50075	19999999.872	25338267.455	0.432739
857.011105060577	250013103.50025	20000000.355	25319992.586	0.439453
858.009506940842	250013103.49975	19999999.746	25360438.888	0.437012
859.007909059525	250013103.50025	20000000.537	25370510.726	0.439453
860.021909952164	250013103.4995	19999999.945	25348726.562	0.440064
861.020312070847	250013103.50075	19999999.918	25351065.671	0.43457
862.018713951111	250013103.49975	19999999.209	25358693.424	0.439453
863.017116069794	250013103.49975	20000000.94	25384156.149	0.43335
864.015516996384	250013103.4995	19999999.495	25358701.06	0.43457
865.013918876648	250013103.50025	19999999.5220001	25419639.16	0.437012
866.012320995331	250013103.50025	20000001.119	25396828.371	0.440064
867.010722875595	250013103.49975	19999999.155	25389239.99	0.438843
868.009124040604	250013103.5005	20000000.534	25347044.763	0.43335
869.007525920868	250013103.5	19999999.909	25406168.239	0.429688
870.0215280056	250013103.49975	20000000.612	25322344.164	0.430908
871.019929885864	250013103.4995	19999999.755	25375209.076	0.440064
872.018331050873	250013103.501	19999999.666	25406259.6260001	0.431519
873.016732931137	250013103.5	19999999.951	25319183.244	0.437622
874.01513504982	250013103.499	20000000.221	25367244.74	0.441895
875.013536930084	250013103.50025	20000000.467	25336479.079	0.437012
876.011938095093	250013103.5005	19999998.78	25361435.824	0.435791
877.010339975357	250013103.5005	20000000.855	25380867.554	0.437012
878.00874209404	250013103.499	19999999.4910001	25345092.485	0.435181
879.007143974304	250013103.5005	20000000.288	25357751.23	0.437012
880.021145105362	250013103.5	19999999.289	25351024.7839999	0.436401
881.019546985626	250013103.49925	20000001.477	25363711.071	0.43396
882.017949104309	250013103.501	19999998.1339999	25408443.006	0.432739
883.016350984573	250013103.5	20000001.4630001	25446803.429	0.436401
884.014751911163	250013103.4995	19999999.555	25452349.066	0.435791
885.013154029846	250013103.50025	19999999.9730001	25375614.0010001	0.43396
886.01155591011	250013103.499	20000000.0649999	25394533.331	0.439453
887.009958028793	250013103.50075	20000001.058	25374116.3249999	0.440064
888.008358955383	250013103.50025	19999998.3770001	25296451.7030001	0.432739
889.022361040115	250013103.5	20000000.273	25307933.0419999	0.432129
890.02076292038	250013103.49975	19999999.8649999	25280175.08	0.438232
891.019165039063	250013103.5	20000000.279	25226412.487	0.438232
892.017565965652	250013103.50025	20000000.512	25257675.804	0.435791
893.015968084335	250013103.49975	19999999.99	25258520.779	0.430908
894.0143699646	250013103.5	19999999.645	25240124.212	0.440674
895.012772083282	250013103.5005	20000001.05	25183221.233	0.43396
896.011173009872	250013103.499	19999998.392	25211683.018	0.430908
897.009574890137	250013103.50075	20000000.57	25283431.621	0.43457
898.00797700882	250013103.50025	20000000.887	25288217.529	0.435181
899.021979093552	250013103.49975	19999999.214	25215218.614	0.439453
900.020380973816	250013103.49975	20000000.476	25250294.568	0.441284
901.018781900406	250013103.5005	20000000.287	25342430.33	0.437622
902.017184019089	250013103.4995	19999999.462	25284986.161	0.435181
903.015585899353	250013103.50075	19999999.901	25335405.429	0.439453
904.013988018036	250013103.49975	19999998.905	25354511.833	0.438232
905.012388944626	250013103.499	20000000.76	25365840.972	0.435791
906.010791063309	250013103.50125	20000000.185	25429857.304	0.440064
907.009192943573	250013103.49925	20000000.651	25351907.022	0.437622
908.007595062256	250013103.5	19999999.993	25415206.687	0.440064
909.021595954895	250013103.50025	19999999.168	25458362.43	0.441284
910.019998073578	250013103.5	20000000.595	25495887.82	0.43457
911.018399953842	250013103.4995	19999999.174	25429318.941	0.435791
912.016802072525	250013103.5	20000000.221	25418312.32	0.432129
913.015202999115	250013103.5	20000000.732	25374613.674	0.430908
914.013604879379	250013103.50075	19999998.3800001	25297422.9270001	0.440064
915.012006998062	250013103.49975	20000001.477	25264876.038	0.437622
916.010408878326	250013103.4995	19999999.021	25131029.437	0.438843
917.008810043335	250013103.5	20000000.73	25297534.1279999	0.436401
918.022811889648	250013103.5005	20000000.084	25203391.8250001	0.439453
919.021214008331	250013103.5	19999999.7079999	25267801.263	0.432739
920.019615888596	250013103.5	20000000.3080001	25260808.64	0.437622
921.018017053604	250013103.5	19999999.86	25317939.08	0.430298
922.016418933868	250013103.5	20000000.2299999	25263223.291	0.440064
923.014821052551	250013103.4995	20000000.12	25250859.0899999	0.438843
924.013222932816	250013103.5005	20000000.084	25201740.506	0.441895
925.011624097824	250013103.5	20000000.758	25226209.381	0.430298
926.010025978088	250013103.5005	19999998.857	25235261.301	0.437622
927.008428096771	250013103.49875	20000000.278	25163245.1289999	0.438843
928.022429943085	250013103.501	20000000.108	25316316.403	0.439453
929.020831108093	250013103.4995	19999999.695	25293549.475	0.432739
930.019232988358	250013103.5	20000000.599	25275108.495	0.427246
931.01763510704	250013103.49975	19999998.868	25348946.541	0.442505
932.016036987305	250013103.5	20000001.048	25390883.776	0.439453
933.014437913895	250013103.5005	19999999.226	25362233.87	0.43457
934.012840032578	250013103.49925	19999999.969	25352719.734	0.43335
935.011241912842	250013103.50025	20000000.4000001	25377306.3279999	0.439453
936.009644031525	250013103.5005	19999999.188	25354666.579	0.435791
937.008045911789	250013103.5	20000001.0289999	25280965.228	0.43335
938.022047042847	250013103.499	20000000.245	25321596.311	0.43396
939.020448923111	250013103.5015	19999999.283	25418436.409	0.437622
940.018851041794	250013103.4995	19999999.49	25311810.151	0.432739
941.017252922058	250013103.49975	20000000.82	25344511.449	0.431519
942.015654087067	250013103.5	20000000.141	25300757.534	0.438843
943.014055967331	250013103.5005	19999999.212	25420567.863	0.440674
944.012458086014	250013103.49925	19999999.935	25349057.62	0.439453
945.010859966278	250013103.50025	20000001.063	25368375.665	0.441895
946.009260892868	250013103.4995	19999999.688	25395390.225	0.436401
947.007663011551	250013103.50025	20000000.362	25261938.668	0.429688
948.021665096283	250013103.49975	19999999.245	25273941.206	0.439453
949.020066976547	250013103.5005	19999999.995	25363766.746	0.436401
950.018467903137	250013103.50025	19999999.782	25280299.842	0.435181
951.01687002182	250013103.49975	20000001.103	25281288.035	0.43457
952.015271902084	250013103.50075	19999999.243	25278284.162	0.441284
953.013674020767	250013103.4995	20000000.087	25328717.385	0.43457
954.012074947357	250013103.49925	20000000.194	25429622.696	0.437012
955.01047706604	250013103.50025	19999999.794	25336829.458	0.437622
956.008878946304	250013103.5005	19999999.6	25402386.3789999	0.439453
957.022881031036	250013103.5	20000000.464	25356773.44	0.439453
958.021281957626	250013103.49925	19999999.594	25357215.842	0.43396
959.019684076309	250013103.5	19999999.539	25336888.804	0.430908
960.018085956573	250013103.5005	19999999.977	25271736.326	0.443115
961.016488075256	250013103.50025	20000000.443	25271553.755	0.441895
962.014889001846	250013103.5	19999999.9030001	25302776.835	0.432129
963.013290882111	250013103.49925	20000000.554	25279169.43	0.437622
964.011693000793	250013103.5	19999999.301	25372802.671	0.432129
965.010094881058	250013103.50025	20000000.602	25442214.7060001	0.435791
966.008496046066	250013103.5005	19999998.985	25436260.959	0.435791
967.02249789238	250013103.49975	20000001.007	25399263.189	0.430298
968.020900011063	250013103.4995	19999999.67	25395226.694	0.437622
969.019301891327	250013103.50025	19999999.961	25303499.0039999	0.438843
970.017703056335	250013103.4995	20000000.8099999	25313539.151	0.438843
971.0161049366	250013103.5005	19999999.311	25337688.731	0.43396
972.014507055283	250013103.50075	19999999.9250001	25318966.358	0.43457
973.012908935547	250013103.499	19999999.931	25374273.531	0.439453
974.011310100555	250013103.5005	19999999.654	25316821.0289999	0.437012
975.00971198082	250013103.50025	20000000.546	25327733.7900001	0.431519
976.008114099503	250013103.49975	19999999.9679999	25350291.6619999	0.438232
977.022115945816	250013103.50025	19999999.809	25314647.421	0.430298
978.020518064499	250013103.4995	19999999.513	25284173.413	0.442505
979.018918991089	250013103.5	20000000.977	25308233.167	0.437012
980.017320871353	250013103.5005	19999999.1899999	25298440.88	0.437622
981.015722990036	250013103.49925	20000001.6500001	25242870.532	0.441895
982.014125108719	250013103.5005	19999999.0359999	25272021.261	0.43457
983.012526035309	250013103.49975	19999999.9080001	25282920.643	0.443726
984.010927915573	250013103.50025	19999999.752	25337613.021	0.443726
985.009330034256	250013103.49975	19999999.5949999	25247644.647	0.437012
986.023331880569	250013103.5005	20000000.4400001	25356611.099	0.43457
987.021733045578	250013103.499	20000000.299	25313409.319	0.443726
988.020134925842	250013103.50075	19999998.93	25373644.877	0.438843
989.018537044525	250013103.501	20000000.5470001	25374959.498	0.435791
990.016938924789	250013103.49925	20000000.4119999	25348110.423	0.435181
991.015340089798	250013103.49925	20000000.3230001	25398868.11	0.441284
992.013741970062	250013103.5005	19999999.4119999	25371985.971	0.43457
993.012144088745	250013103.50025	20000000.069	25415076.977	0.432129
994.010545969009	250013103.5	20000000.409	25389573.793	0.437012
995.008946895599	250013103.5	19999999.999	25273119.259	0.443726
996.022948980331	250013103.49975	20000000.115	25327633.625	0.441284
997.021351099014	250013103.49975	19999999.686	25343870.187	0.431519
998.019752979279	250013103.50025	19999998.693	25273193.048	0.438232
999.018153905869	250013103.50025	20000001.31	25246331.337	0.443726
1000.01655602455	250013103.5	19999999.37	25262362.563	0.441284
1001.01495790482	250013103.49975	20000000.197	25251631.5470001	0.443115
1002.0133600235	250013103.4995	20000001.182	25350963.5980001	0.435791
1003.01176095009	250013103.5005	19999998.646	25354087.627	0.43396
1004.01016306877	250013103.4995	20000000.465	25397444.99	0.43396
1005.00856494904	250013103.50125	19999999.503	25401604.3399999	0.43396
1006.02256703377	250013103.4995	20000001.031	25368923.176	0.43396
1007.02096796036	250013103.5005	19999999.453	25349775.768	0.438843
1008.01937007904	250013103.49925	20000000.504	25284863.903	0.432739
1009.0177719593	250013103.49975	20000000.596	25298518.781	0.435791
1010.01617407799	250013103.5005	19999999.068	25275114.2720001	0.437622
1011.01457500458	250013103.5	20000000.392	25206712.7819999	0.43335
1012.01297688484	250013103.4995	20000000.176	25236530.79	0.436401
1013.01137900352	250013103.50025	19999999.303	25230945.2080001	0.436401
1014.00978088379	250013103.4995	19999999.377	25189943.714	0.439453
1015.02378296852	250013103.50025	20000001.07	25157011.867	0.438843
1016.02218389511	250013103.4985	19999999.732	25164693.899	0.442505
1017.02058601379	250013103.50175	20000000.098	25196142.323	0.430298
1018.01898789406	250013103.5	19999999.832	25210168.654	0.443115
1019.01739001274	250013103.4995	19999999.969	25194319.39	0.438232
1020.01579093933	250013103.50075	19999999.692	25256339.6639999	0.440674
1021.01419305801	250013103.5	20000000.071	25246420.6600001	0.440674
1022.01259493828	250013103.50025	20000000.204	25243458.696	0.435791
1023.01099705696	250013103.499	20000000.766	25316059.184	0.440674
1024.00939798355	250013103.5005	19999999.107	25343856.751	0.438843
1025.02340006828	250013103.5	20000000.381	25251291.396	0.440674
1026.02180194855	250013103.49975	20000000.625	25214379.256	0.43335
1027.02020406723	250013103.50075	19999999.484	25229597.771	0.43335
1028.01860499382	250013103.49875	19999999.7869999	25216456.152	0.440674
1029.01700687408	250013103.50075	20000000.3230001	25246406.985	0.430908
1030.01540899277	250013103.5	20000000.092	25096891.829	0.432739
1031.01381087303	250013103.50025	19999999.398	25241722.812	0.440674
1032.01221203804	250013103.4995	20000000.135	25254740.279	0.441895
1033.0106139183	250013103.50025	20000000.2739999	25266028.124	0.437622
1034.00901603699	250013103.50025	19999999.85	25271803.789	0.443115
1035.0230178833	250013103.49975	20000000.556	25363364.321	0.441895
1036.02141904831	250013103.49975	19999999.72	25317956.649	0.442505
1037.01982092857	250013103.50025	19999999.6749999	25321506.699	0.440674
1038.01822304726	250013103.49975	19999999.5830001	25281924.251	0.43457
1039.01662492752	250013103.5	20000000.142	25260933.159	0.437012
1040.01502609253	250013103.50025	20000000.558	25315838.615	0.437622
1041.01342797279	250013103.5	19999998.7240001	25263314.354	0.443726
1042.01183009148	250013103.49975	20000000.1969999	25336301.252	0.437622
1043.01023197174	250013103.5	20000000.842	25279552.887	0.439453
1044.0242331028	250013103.50025	19999999.5470001	25325976.11	0.437622
1045.02263498306	250013103.5	20000000.117	25211149.202	0.436401
1046.02103710175	250013103.50025	20000000.582	25241238.517	0.440674
1047.01943898201	250013103.49975	19999999.452	25239848.3330001	0.441895
1048.0178399086	250013103.5	19999999.68	25231740.686	0.442505
1049.01624202728	250013103.50025	20000001.665	25188980.209	0.445557
1050.01464390755	250013103.4995	19999998.404	25279955.4649999	0.440674
1051.01304602623	250013103.5	20000000.267	25205912.697	0.443115
1052.01144695282	250013103.5005	20000000.355	25257596.738	0.437622
1053.0098490715	250013103.5005	19999999.134	25282367.312	0.443726
1054.02385091782	250013103.499	20000000.629	25288925.731	0.445557
1055.0222530365	250013103.50025	19999998.416	25325859.941	0.441284
1056.02065491676	250013103.49975	20000001.459	25332074.9120001	0.438232
1057.01905608177	250013103.5005	20000000.637	25263048.6359999	0.441284
1058.01745796204	250013103.5	20000000.651	25335205.608	0.443115
1059.01586008072	250013103.49975	19999999.392	25331701.867	0.441895
1060.01426196098	250013103.49975	19999998.818	25400613.705	0.441895
1061.01266288757	250013103.50075	20000000.163	25392273.555	0.428467
1062.01106500626	250013103.49975	20000000.763	25416658.52	0.441284
1063.00946688652	250013103.50025	19999999.978	25383508.2690001	0.429077
1064.02346897125	250013103.49925	19999998.829	25303932.264	0.43457
1065.02186989784	250013103.501	20000001.017	25249998.999	0.443115
1066.02027201653	250013103.4995	19999999.422	25229761.159	0.445557
1067.01867389679	250013103.49975	20000000.543	25269859.681	0.443115
1068.01707601547	250013103.49975	20000000.402	25205726.416	0.441895
1069.01547694206	250013103.5015	19999999.959	25252961.774	0.445557
1070.01387906075	250013103.49825	19999998.746	25294165.812	0.439453
1071.01228094101	250013103.5	20000000.503	25323624.634	0.441895
1072.01068305969	250013103.50075	19999999.029	25265901.224	0.440674
1073.02468395233	250013103.49975	20000001.47	25345341.767	0.439453
1074.02308607101	250013103.49925	20000000.508	25158482.727	0.444946
1075.02148795128	250013103.5005	20000000.0560001	25162697.489	0.440674
1076.01989006996	250013103.5	19999999.599	25203211.923	0.442505
1077.01829099655	250013103.5005	19999999.431	25175643.466	0.437012
1078.01669287682	250013103.4985	19999999.599	25284783.382	0.444946
1079.0150949955	250013103.50075	20000000.839	25242604.06	0.441895
1080.01349687576	250013103.49975	19999999.985	25238888.899	0.439453
1081.01189804077	250013103.50075	19999999.8740001	25185102.112	0.435181
1082.01029992104	250013103.5	19999999.8479999	25245001.361	0.437012
1083.02430200577	250013103.49975	19999999.418	25336618.723	0.440064
1084.02270388603	250013103.49975	20000001.197	25370941.133	0.442505
1085.02110505104	250013103.5005	19999999.38	25402477.123	0.441284
1086.0195069313	250013103.5	20000000.158	25234404.0059999	0.438232
1087.01790904999	250013103.5005	19999999.8020001	25322820.615	0.435791
