0.998402118682861   250003641.5005  20003618.77
1.99680304527283   250003641.499   20003284.012
2.99520492553711    250003641.50025 20003701.07
4.00920701026917    250003641.5005  20003561.313
5.00760912895203    250003641.49975 20003794.749
6.00601005554199    250003641.49975 20004201.235
7.00441193580627    250003641.50025 20003909.615
8.00281405448914    250003641.5 20003673.088
9.00121593475342    250003641.5 20004302.399
9.99961709976196    250003641.5 20004768.103
10.9980189800262    250003641.5 20003538.352
11.9964210987091    250003641.5 20003653.222
12.9948229789734    250003641.49975 20003441.831
14.0088241100311    250003641.5005  20003123.996
15.0072259902954    250003641.4995  20002746.882
16.0056281089783    250003641.5005  20002693.272
17.0040299892426    250003641.5 20002914.0499999
18.0024309158325    250003641.49925 20002753.46
19.0008330345154    250003641.5005  20002931.4249999
19.9992349147797    250003641.5 20003253.303
20.9976370334625    250003641.49975 20003241.972
21.9960389137268    250003641.50025 20003120.3310001
22.9944400787354    250003641.5 20003106.5649999
24.0084419250488    250003641.49975 20002688.8790001
25.0068440437317    250003641.49975 20002956.086
26.005245923996 250003641.5 20002672.119
27.0036470890045    250003641.5 20002714.015
28.0020489692688    250003641.501   20002656.0980001
29.0004510879517    250003641.49925 20002447.83
29.9988529682159    250003641.5 20002400.7379999
30.9972541332245    250003641.5005  20002398.268
31.9956560134888    250003641.5 20002763.748
33.0096580982208    250003641.49975 20002407.368
34.0080599784851    250003641.5 20002468.6489999
35.0064611434937    250003641.50025 20002634.1010001
36.0048630237579    250003641.4995  20002409.538
37.0032651424408    250003641.49975 20002513.455
38.0016670227051    250003641.5 20002679.1339999
39.000067949295 250003641.50075 20002485.821
39.9984700679779    250003641.49925 20002203.729
40.9968719482422    250003641.5005  20002598.235
41.995274066925 250003641.49975 20002596.6880001
43.0092749595642    250003641.50075 20002347.3219999
44.0076770782471    250003641.49925 20002719.692
45.0060789585114    250003641.50025 20002599.059
46.0044810771942    250003641.4995  20002422.099
47.0184819698334    250003641.5005  20002370.224
48.001284122467 250003641.50025 20002396.022
49.0152859687805    250003641.4995  20002143.921
49.9980881214142    250003641.5 20002124.524
51.0276899337769    250003641.49975 20002043.436
51.9948909282684    250003641.5005  20002398.983
53.0088930130005    250003641.50025 20002413.891
54.0072951316834    250003641.4995  20002054.452
55.0212969779968    250003641.5 20002389.026
56.0040979385376    250003641.50075 20002134.963
57.0025000572205    250003641.49925 20002144.899
58.0009019374847    250003641.50025 20002080.617
59.0149040222168    250003641.5 20002127.076
59.9977049827576    250003641.499   20002218.07
60.9961071014404    250003641.501   20002299.229
62.0101089477539    250003641.50125 20002125.736
63.0085110664368    250003641.4985  20002203.858
64.0069119930267    250003641.50025 20002114.572
65.0053141117096    250003641.5 20002010.008
66.0037159919739    250003641.50025 20002072.533
67.0021181106567    250003641.50025 20002212.751
68.0005190372467    250003641.5 20002351.324
68.998920917511 250003641.4995  20002315.294
69.9973230361938    250003641.4995  20002281.478
70.9957249164581    250003641.501   20002392.283
72.0097260475159    250003641.499   20002373.464
73.0081279277802    250003641.5005  20002683.989
74.006530046463 250003641.49975 20002448.805
75.0049319267273    250003641.5005  20002162.702
76.0033330917358    250003641.4995  20002241.832
77.0017349720001    250003641.5005  20002549.909
78.000137090683 250003641.4995  20002269.7049999
78.9985389709473    250003641.5 20002571.2420001
79.9969401359558    250003641.5 20002649.706
80.9953420162201    250003641.4995  20002394.873
82.0093441009521    250003641.5005  20002483.8909999
83.0077459812164    250003641.50025 20002463.776
84.006147146225 250003641.5 20002351.909
85.0045490264893    250003641.5005  20002514.567
86.0029511451721    250003641.499   20002115.7409999
87.0013530254364    250003641.4995  20002111.2539999
87.9997539520264    250003641.50075 20002053.7700001
88.9981560707092    250003641.50025 20002407.2869999
89.9965579509735    250003641.50075 20002489.781
91.0105600357056    250003641.499   20002451.4730001
92.0089609622955    250003641.4985  20002245.0649999
93.0073630809784    250003641.50175 20002454.781
94.0057649612427    250003641.49925 20002605.88
95.0041670799255    250003641.50075 20002545.601
96.0025680065155    250003641.50025 20002616.353
97.0009701251984    250003641.5 20002493.873
97.9993720054626    250003641.49975 20002433.09
98.9977741241455    250003641.50075 20002445.896
99.9961760044098    250003641.49925 20002328.08
101.010177135468    250003641.4995  20002255.897
102.008579015732    250003641.50075 20002251.02
103.006981134415    250003641.49925 20002270.21
104.005383014679    250003641.5005  20002552.477
105.003783941269    250003641.49975 20002067.773
106.002186059952    250003641.50075 20002255.53
107.000587940216    250003641.49925 20001985.987
107.998990058899    250003641.50025 20002074.549
108.997390985489    250003641.5 20002162.994
109.995793104172    250003641.50025 20002259.09
111.009794950485    250003641.49975 20001999.261
112.008197069168    250003641.49975 20001974.44
113.006597995758    250003641.50075 20001965.883
114.005000114441    250003641.4995  20002041.791
115.003401994705    250003641.49975 20002138.53
116.001804113388    250003641.50025 20002419.927
117.000205039978    250003641.50025 20002357.512
117.998606920242    250003641.49975 20002341.199
118.997009038925    250003641.49975 20002170.625
119.995410919189    250003641.5005  20002027.991
121.009412050247    250003641.5 20002250.174
122.007813930511    250003641.49975 20001885.948
123.006216049194    250003641.499   20002173.024
124.004617929459    250003641.50075 20002141.2329999
125.003019094467    250003641.49975 20002078.113
126.001420974731    250003641.50025 20001947.474
126.999823093414    250003641.50025 20001736.3080001
127.998224973679    250003641.4995  20001973.8549999
128.996626138687    250003641.50075 20001774.1320001
130.010627985001    250003641.5 20001641.939
131.009030103683    250003641.5 20001680.8829999
132.007431983948    250003641.499   20002011.9820001
133.005832910538    250003641.50125 20001709.6609999
134.004235029221    250003641.49925 20001690.4050001
135.002636909485    250003641.50025 20002062.0159999
136.001039028168    250003641.5005  20002039.954
136.999440908432    250003641.5 20001871.1340001
137.997842073441    250003641.49925 20002261.7229999
138.996243953705    250003641.50025 20002982.472
140.010246038437    250003641.49975 20003067.888
141.008647918701    250003641.50025 20002688.942
142.00704908371 250003641.49975 20002370.235
143.005450963974    250003641.5 20002099.618
144.003853082657    250003641.5005  20001785.0799999
145.002254962921    250003641.49975 20002177.5140001
146.00065612793 250003641.50025 20002058.25
146.999058008194    250003641.499   20002033.096
147.997460126877    250003641.5005  20001950.232
148.995862007141    250003641.5 20002070.0580001
150.009863138199    250003641.5 20002237.171
151.008265018463    250003641.5 20001756.3609999
152.006667137146    250003641.49975 20001750.131
153.00506901741 250003641.5005  20001741.961
154.003469944   250003641.50025 20001941.401
155.001872062683    250003641.4995  20001905.179
156.000273942947    250003641.5005  20002143.888
156.99867606163 250003641.49975 20001979.756
