#Menlo Systems GmbH 2009 - Comb Watch v0.9.6
#Measurement from 17.5.2021.
#Begin of the measurement: 13:46:37, 49597 sec after midnight.
#Add 807965197 to get the time since 0:00 of 10th Oct. 1995 = MJD 50000 in seconds.
#
#C0:	timestamp
#C1:	reprate.freq	The actual repetition rate of the comb (calculated from counter0)	Hz
#C2:	offset.freq	Offset beat frequency (see counter1)	Hz	20000000	10
#
#S0:	4
#Statistics settings
#S1:	250012116.25	0.005
#S2:	20000000	10
#
#timestamp	#reprate.freq	#offset.freq
0	250012116.25025	22014999.834
0.998402118682861	250012116.25025	22013996.008
1.99680304527283	250012116.24975	22019183.6029999
2.99520492553711	250012116.25	22021808.74
4.00920701026917	250012116.24975	22025399.4890001
5.00760912895203	250012116.24975	22025292.601
6.00601005554199	250012116.2505	22025743.0779999
7.00441193580627	250012116.2495	22024957.084
8.00281405448914	250012116.25075	22026953.9480001
9.00121593475342	250012116.2495	22026351.109
9.99961709976196	250012116.2505	22022319.612
10.9980189800262	250012116.24925	22018675.99
11.9964210987091	250012116.2505	22016976.0880001
13.0104229450226	250012116.25025	22013240.2989999
14.0088250637054	250012116.2495	22019679.3490001
15.0072259902954	250012116.24975	22017901.522
16.0056281089783	250012116.25	22013798.711
17.0040299892426	250012116.2505	22018679.0170001
18.0024321079254	250012116.2505	22022422.4139999
19.0008330345154	250012116.24875	22021132.9560001
19.9992351531982	250012116.251	22022025.938
20.9976370334625	250012116.24975	22015671.3429999
21.9960391521454	250012116.24925	22016298.47
23.0100400447845	250012116.25	22010102.649
24.0084421634674	250012116.25075	22007631.2129999
25.0068440437317	250012116.25025	22009819.092
26.0052461624146	250012116.2495	22007305.553
27.0036470890045	250012116.25025	21999133.792
28.0020489692688	250012116.2495	21999283.559
29.0004510879517	250012116.25	21997339.047
29.9988529682159	250012116.2505	21995874.22
30.9972541332245	250012116.24975	22002820.135
31.9956560134888	250012116.25	22002329.891
33.0096580982208	250012116.24975	22005194.782
34.0080599784851	250012116.2505	22002317.847
35.0064611434937	250012116.25025	22005313.999
36.0048630237579	250012116.24975	22006002.432
37.0032651424408	250012116.2495	22007117.983
38.0016670227051	250012116.25	22008913.245
39.000067949295	250012116.25025	22009331.94
39.9984700679779	250012116.25025	22015950.155
40.9968719482422	250012116.24975	22005558.058
42.0108740329742	250012116.25025	22031608.917
43.0092749595642	250012116.24975	22026461.026
44.0076770782471	250012116.25025	22015684.773
45.0060789585114	250012116.25	22016276.677
46.0044810771942	250012116.25	22019341.144
47.0028820037842	250012116.2505	22009020.068
48.001284122467	250012116.2495	22006396.047
48.9996860027313	250012116.2505	22001905.879
49.9980881214142	250012116.24925	22018748.119
50.9964900016785	250012116.24975	22053010.455
52.0104911327362	250012116.25075	22013347.632
53.0088930130005	250012116.2495	22013382.7640001
54.0072951316834	250012116.25025	22002714.929
55.0056970119476	250012116.2505	22000725.221
56.0040979385376	250012116.24925	22001749.053
57.0025000572205	250012116.25	22003819.7820001
58.0009019374847	250012116.2505	21996346.145
58.9993040561676	250012116.24925	21996988.6819999
59.9977049827576	250012116.24975	21993665.1880001
60.9961071014404	250012116.25025	21988954.217
62.0101089477539	250012116.251	21851560.7229999
63.0085110664368	250012116.25	21754505.4150001
64.0069119930267	250012116.24925	21769635.604
65.0053141117096	250012116.2505	21812445.99
66.0037159919739	250012116.2495	21880802.074
67.0021181106567	250012116.25025	21912121.393
68.0005190372467	250012116.25	21945963.4979999
68.9989211559296	250012116.24975	21943000.35
69.9973230361938	250012116.25025	21944042.6260001
71.0113251209259	250012116.2505	21943620.7589999
72.0097260475159	250012116.24975	21953302.465
73.0081279277802	250012116.24925	21959335.914
74.006530046463	250012116.25075	21981074.851
75.0049319267273	250012116.24975	21962469.237
76.0033330917358	250012116.2495	21953128.333
77.0017349720001	250012116.2505	21983363.837
78.000137090683	250012116.249	21974015.054
78.9985389709473	250012116.251	21978701.366
79.9969401359558	250012116.25025	21968802.012
81.0109419822693	250012116.24925	21943990.268
82.0093441009521	250012116.25	21936042.504
83.0077459812164	250012116.24975	21925955.03
84.006147146225	250012116.25125	21927463.881
85.0045490264893	250012116.249	21937783.472
86.0029511451721	250012116.25025	21950667.697
87.0013530254364	250012116.25025	21967591.302
87.9997539520264	250012116.2495	21970793.456
88.9981560707092	250012116.25075	21963003.756
89.9965579509735	250012116.25	21964911.66
91.0105600357056	250012116.2495	21969708.369
92.0089621543884	250012116.24975	21975963.953
93.0073630809784	250012116.25	21974121.502
94.0057649612427	250012116.25025	21970847.504
95.0041670799255	250012116.25025	21970382.92
96.0025689601898	250012116.2495	21967259.099
97.0009701251984	250012116.2505	21982190.27
97.9993720054626	250012116.249	21974027.75
98.9977741241455	250012116.25075	21979100.3790001
100.011775970459	250012116.24975	21961946.0419999
101.010177135468	250012116.25025	21939569.4220001
102.008579015732	250012116.2495	21939823.837
103.006981134415	250012116.2505	21922667.36
104.005383014679	250012116.24975	21913818.872
105.003783941269	250012116.25075	21883304.823
106.002186059952	250012116.24925	21786469.602
107.000587940216	250012116.25075	21850731.964
107.998990058899	250012116.25	21920584.811
108.997390985489	250012116.24925	21869135.6700001
110.011393070221	250012116.25025	21909706.1749999
111.009794950485	250012116.24975	22004829.122
112.008197069168	250012116.25075	21993166.993
113.006597995758	250012116.24975	21996630.091
114.005000114441	250012116.25	21990515.7490001
115.003401994705	250012116.24975	21978480.883
116.001804113388	250012116.25025	21970098.305
117.000205039978	250012116.25	21959842.267
117.998607158661	250012116.2495	21948448.3820001
118.997009038925	250012116.2505	21931588.097
120.011011123657	250012116.25	21936858.8579999
121.009412050247	250012116.25	21934776.8920001
122.007813930511	250012116.25	21945701.0419999
123.006216049194	250012116.24975	21949314.105
124.004617929459	250012116.25025	21951501.467
125.003019094467	250012116.2495	21953962.131
126.001420974731	250012116.251	21951472.506
126.999823093414	250012116.2495	21961975.624
127.998224973679	250012116.25	21967622.234
129.012227058411	250012116.25075	21970453.201
130.010627985001	250012116.24875	21999528.422
131.009030103683	250012116.25025	22051771.444
132.007431983948	250012116.25025	22008985.188
133.005834102631	250012116.25025	21955141.275
134.004235029221	250012116.25	21918309.006
135.002637147903	250012116.24975	21946034.396
136.001039028168	250012116.25	21977888.031
136.999441146851	250012116.2505	21998689.6
137.997842073441	250012116.249	22027736.9640001
139.011844158173	250012116.25	22033053.909
140.010246038437	250012116.25075	22033241.713
141.00864815712	250012116.25025	22032153.923
142.00704908371	250012116.2495	22032789.102
143.005450963974	250012116.25025	21996018.106
144.003853082657	250012116.2495	22008412.907
145.002254962921	250012116.25075	21974396.965
146.00065612793	250012116.24975	21975218.034
146.999058008194	250012116.24925	21960416.2409999
147.997460126877	250012116.25075	21938970.868
149.01146197319	250012116.24825	21937137.154
150.009863138199	250012116.25125	21932018.784
151.008265018463	250012116.24975	21929436.91
152.006667137146	250012116.251	21926528.156
153.00506901741	250012116.2495	21957199.1049999
154.003469944	250012116.24925	21967763.059
155.001872062683	250012116.2505	21971391.2410001
156.000273942947	250012116.25	21942939.6489999
156.99867606163	250012116.25	21973376.095
157.99707698822	250012116.25025	21958545.852
159.011079072952	250012116.2495	21967171.4400001
160.009480953217	250012116.2505	21993479.93
161.007883071899	250012116.2505	21996856.2770001
162.006283998489	250012116.24925	21997768.972
163.004686117172	250012116.24975	22002580.972
164.003087997437	250012116.25	22000514.711
165.001490116119	250012116.25025	21997258.178
165.999891042709	250012116.251	21989942.266
166.998293161392	250012116.24875	21949962.321
168.012295007706	250012116.25	21923524.025
169.010697126389	250012116.2505	21919167.0010001
170.009099006653	250012116.24925	21921972.044
171.007499933243	250012116.25025	21915735.0599999
172.005902051926	250012116.25	21920330.776
173.00430393219	250012116.25	21922373.331
174.002706050873	250012116.25075	21930783.395
175.001106977463	250012116.25	21931768.304
175.999509096146	250012116.2495	21928969.1
176.99791097641	250012116.24975	21928865.282
178.011913061142	250012116.251	21927906.614
179.010313987732	250012116.24975	21932401.882
180.008716106415	250012116.24975	21919652.228
181.007117986679	250012116.24975	21920833.332
182.005520105362	250012116.2505	21918767.543
183.003921031952	250012116.25	21900415.035
184.002323150635	250012116.249	21897716.142
185.000725030899	250012116.25075	21900129.723
185.999127149582	250012116.2495	21899465.318
186.997528076172	250012116.25075	21903847.873
188.011530160904	250012116.2505	21895602.202
189.009932041168	250012116.24875	21911204.877
190.008334159851	250012116.25075	21915685.094
191.006735086441	250012116.2495	21914186.77
192.005136966705	250012116.25	21918802.953
193.003539085388	250012116.25	21917892.088
194.001940965652	250012116.25025	21915556.63
195.000342130661	250012116.25025	21913343.1110001
195.998744010925	250012116.2495	21911530.247
197.012746095657	250012116.25025	21903083.822
198.011147975922	250012116.24975	21906337.4959999
199.00954914093	250012116.2495	21893118.118
200.007951021194	250012116.251	21886215.392
201.006353139877	250012116.2495	21883742.589
202.004755020142	250012116.25025	21890513.8690001
203.003155946732	250012116.25075	21890476.6899999
204.001558065414	250012116.24925	21884909.589
204.999959945679	250012116.2505	21880202.776
205.998362064362	250012116.24975	21884497.762
207.012364149094	250012116.2495	21874918.016
208.010765075684	250012116.2505	21873229.5090001
209.009166955948	250012116.249	21855007.3219999
210.007569074631	250012116.25075	21859947.6060001
211.005970954895	250012116.2495	21830722.5
212.004372119904	250012116.2505	21829138.683
213.002774000168	250012116.24975	21841772.551
214.001176118851	250012116.249	21852515.957
214.999577999115	250012116.251	21851866.063
215.997978925705	250012116.25	21863403.339
217.011981010437	250012116.25025	21892864.7000001
218.01038312912	250012116.25	21920209.533
219.008785009384	250012116.25025	21885438.4070001
220.007185935974	250012116.25	21890442.8629999
221.005588054657	250012116.24975	21889059.465
222.003989934921	250012116.25	21856828.318
223.002392053604	250012116.25	21833195.66
224.000792980194	250012116.24975	21829255.464
224.999195098877	250012116.25	21814696.913
226.01319694519	250012116.24925	21812403.63
227.011599063873	250012116.2505	21808868.839
228.009999990463	250012116.25025	21803207.59
229.008402109146	250012116.25	21793308.716
230.00680398941	250012116.2495	21790404.227
231.005206108093	250012116.25025	21783101.879
232.003607034683	250012116.25025	21796806.112
233.002009153366	250012116.24975	21809932.162
234.00041103363	250012116.24975	21804426.359
234.998813152313	250012116.251	21792977.48
236.012814044952	250012116.2495	21788360.946
237.011216163635	250012116.25	21782814.102
238.0096180439	250012116.2505	21780465.299
239.008020162582	250012116.2495	21765097.1
240.006421089172	250012116.25	21773908.998
241.004822969437	250012116.25025	21770937.817
242.00322508812	250012116.25	21784841.57
243.001626968384	250012116.25	21788725.479
244.000028133392	250012116.24975	21778776.761
244.998430013657	250012116.25	21795057.881
246.012432098389	250012116.25025	21789537.9779999
247.010833978653	250012116.2495	21771973.0190001
248.009236097336	250012116.25075	21769018.9169999
249.007637023926	250012116.2495	21766611.58
250.006039142609	250012116.25025	21755576.474
251.004441022873	250012116.25025	21741685.915
252.002843141556	250012116.24975	21748686.822
253.001244068146	250012116.2505	21731548.58
253.99964594841	250012116.25	21708491.7359999
255.013648033142	250012116.249	21686824.271
256.012050151825	250012116.25	21724685.5270001
257.010451078415	250012116.2505	21710312.852
258.008852958679	250012116.24975	21716617.607
259.007255077362	250012116.24975	21725284.0999999
260.005656957626	250012116.25075	21735810.291
261.004058122635	250012116.24925	21744494.817
262.002460002899	250012116.25	21740558.187
263.000862121582	250012116.2505	21751566.168
263.999264001846	250012116.24975	21747085.86
265.013265132904	250012116.25	21749396.423
266.011667013168	250012116.2495	21740981.665
267.010069131851	250012116.25075	21745630.2490001
268.008471012115	250012116.24975	21743797.689
269.006871938705	250012116.25075	21752118.1639999
270.005274057388	250012116.249	21727693.316
271.003675937653	250012116.25	21733442.866
272.002078056335	250012116.2505	21717171.959
273.000478982925	250012116.24975	21700373.163
273.998881101608	250012116.2495	21709425.806
275.012882947922	250012116.251	21717756.035
276.011285066605	250012116.25	21732593.103
277.009685993195	250012116.24975	21733088.536
278.008088111877	250012116.25025	21741445.526
279.006489992142	250012116.2495	21749200.427
280.004892110825	250012116.25025	21761922.196
281.003293037415	250012116.24975	21741374.855
282.001695156097	250012116.2495	21749543.47
283.000097036362	250012116.2505	21744029.778
284.014099121094	250012116.25025	21733376.1210001
285.012501001358	250012116.25025	21730084.092
286.010901927948	250012116.24925	21720659.887
287.009304046631	250012116.25075	21714094.024
288.007705926895	250012116.2495	21701415.033
289.006108045578	250012116.25025	21674517.923
290.004508972168	250012116.24925	21678367.702
291.002911090851	250012116.25075	21680163.542
292.001312971115	250012116.2495	21695041.787
292.999715089798	250012116.25	21704464.198
294.013715982437	250012116.24975	21717184.568
295.01211810112	250012116.2505	21724074.195
296.010519981384	250012116.2495	21732014.3430001
297.008922100067	250012116.25075	21723555.3499999
298.007323026657	250012116.25	21708926.3590001
299.00572514534	250012116.2495	21709269.18
300.004127025604	250012116.25	21707102.97
301.002529144287	250012116.25025	21706050.929
302.000930070877	250012116.24975	21703946.3249999
302.999331951141	250012116.25125	21705051.314
304.013334035873	250012116.249	21729054.784
305.011736154556	250012116.25025	21731284.829
306.010137081146	250012116.25025	21720058.4909999
307.008538961411	250012116.24975	21696096.156
308.006941080093	250012116.2495	21698103.133
309.005342960358	250012116.25025	21682673.182
310.003744125366	250012116.2495	21668329.75
311.00214600563	250012116.2505	21652661.153
312.000548124313	250012116.2495	21640680.1769999
312.998950004578	250012116.25075	21642497.191
314.012951135635	250012116.2505	21628189.3640001
315.0113530159	250012116.2485	21638519.2179999
316.009755134583	250012116.251	21639198.8540001
317.008157014847	250012116.25025	21628555.5799999
318.006557941437	250012116.24925	21622235.2900001
319.00496006012	250012116.25025	21613172.3609999
320.003361940384	250012116.25025	21651826.964
321.001764059067	250012116.2495	21643117.902
322.000164985657	250012116.25025	21645159.127
323.014167070389	250012116.25	21644925.559
324.012568950653	250012116.2495	21641744.866
325.010971069336	250012116.25075	21652229.204
326.0093729496	250012116.24975	21653106.169
327.007774114609	250012116.25075	21664039.961
328.006175994873	250012116.24875	21663017.111
329.004578113556	250012116.2505	21673998.314
330.00297999382	250012116.251	21671418.498
331.001381158829	250012116.2495	21662870.025
331.999783039093	250012116.24975	21664416.12
333.013785123825	250012116.2495	21659436.319
334.012187004089	250012116.2505	21663684.764
335.010587930679	250012116.24925	21639255.638
336.008990049362	250012116.2505	21644322.303
337.007391929626	250012116.25025	21651341.039
338.005794048309	250012116.2495	21649207.071
339.004194974899	250012116.2505	21663208.996
340.002597093582	250012116.25	21657027.975
341.000998973846	250012116.25	21657646.975
341.999401092529	250012116.2495	21653873.89
343.013401985168	250012116.25	21639634.287
344.011804103851	250012116.25	21643071.345
345.010205984116	250012116.25075	21641281.499
346.008608102798	250012116.2505	21637602.919
347.007009029388	250012116.25025	21639494.65
348.005411148071	250012116.24925	21633429.105
349.003813028336	250012116.249	21630948.117
350.002215147018	250012116.251	21644280.905
351.000616073608	250012116.25	21646532.314
352.01461815834	250012116.24975	21661244.11
353.013020038605	250012116.25	21651545.8710001
354.011422157288	250012116.25	21655179.854
355.009823083878	250012116.25	21657089.2609999
356.008224964142	250012116.25075	21639191.8130001
357.006627082825	250012116.24925	21650004.8379999
358.005028963089	250012116.24975	21639993.605
359.003430128098	250012116.25	21645017.314
360.001832008362	250012116.25025	21633250.841
361.000234127045	250012116.25	21643242.913
362.014235973358	250012116.25025	21646247.327
363.012638092041	250012116.24975	21659502.663
364.011039018631	250012116.24975	21653902.483
365.009441137314	250012116.25025	21665647.855
366.007843017578	250012116.24875	21677228.3149999
367.006245136261	250012116.25175	21691439.6780001
368.004646062851	250012116.249	21677860.013
369.003047943115	250012116.24975	21682521.333
370.001450061798	250012116.2495	21658435.95
370.999851942062	250012116.25175	21675808.749
372.01385307312	250012116.2495	21669616.993
373.012254953384	250012116.2495	21678952.911
374.010657072067	250012116.25025	21657912.959
375.009058952332	250012116.25	21651454.198
376.00746011734	250012116.24925	21651758.271
377.005861997604	250012116.2515	21637561.59
378.004264116287	250012116.24975	21638371.589
379.002665996552	250012116.2495	21658591.533
380.00106716156	250012116.24925	21668326.038
381.015069007874	250012116.25075	21664261.181
382.013471126556	250012116.25075	21672093.808
383.011873006821	250012116.2485	21667820.984
384.010273933411	250012116.25125	21652294.76
385.008676052094	250012116.24975	21642714.047
386.007077932358	250012116.25025	21653721.13
387.005480051041	250012116.249	21665120.406
388.003880977631	250012116.25025	21652093.521
389.002283096313	250012116.25075	21640994.831
390.000684976578	250012116.25025	21631322.332
391.01468706131	250012116.249	21628349.103
392.0130879879	250012116.25025	21629954.19
393.011490106583	250012116.24925	21638047.6
394.009891986847	250012116.25075	21651100.027
395.00829410553	250012116.2505	21646947.136
396.00669503212	250012116.24975	21646662.989
397.005097150803	250012116.24975	21637755.382
398.003499031067	250012116.24975	21640923.5810001
399.00190114975	250012116.2505	21642743.76
400.00030207634	250012116.25	21630975.3889999
401.014304161072	250012116.251	21631317.663
402.012706041336	250012116.249	21624093.146
403.011108160019	250012116.24975	21626783.053
404.009510040283	250012116.25075	21614549.029
405.007910966873	250012116.25025	21602544.971
406.006313085556	250012116.24925	21611408.0270001
407.00471496582	250012116.24975	21615903.1079999
408.003117084503	250012116.2505	21618224.3280001
409.001518011093	250012116.2495	21613514.613
410.015520095825	250012116.24925	21626411.1049999
411.013921976089	250012116.25125	21635335.8210001
412.012324094772	250012116.2495	21634882.344
413.010725021362	250012116.24975	21634368.568
414.009127140045	250012116.2505	21631725.028
415.007529020309	250012116.25	21635738.7130001
416.005931138992	250012116.25	21621166.339
417.004332065582	250012116.25025	21616818.122
418.002733945847	250012116.2495	21622982.714
419.001136064529	250012116.24975	21608271.039
420.015138149261	250012116.25075	21612544.117
421.013539075851	250012116.24975	21612068.909
422.011940956116	250012116.25075	21607375.011
423.010343074799	250012116.249	21612818.358
424.008744955063	250012116.25075	21614561.878
425.007146120071	250012116.24925	21612061.948
426.005548000336	250012116.2505	21624568.002
427.003950119019	250012116.24925	21639840.867
428.002351999283	250012116.25025	21619207.159
429.000752925873	250012116.2505	21629599.909
430.014755010605	250012116.24925	21628769.025
431.013157129288	250012116.24975	21605412.156
432.011559009552	250012116.2505	21615047.707
433.009959936142	250012116.25025	21596330.905
434.008362054825	250012116.2505	21597224.135
435.006763935089	250012116.24975	21590879.136
436.005166053772	250012116.25	21570700.659
437.003566980362	250012116.2495	21576103.222
438.001969099045	250012116.25025	21568404.076
439.015970945358	250012116.25025	21564439.12
440.014373064041	250012116.24975	21569883.786
441.012774944305	250012116.2505	21572637.781
442.011176109314	250012116.24875	21582784.5739999
443.009577989578	250012116.25025	21594102.8560001
444.007980108261	250012116.25	21590847.8839999
445.006381988525	250012116.25025	21576798.0450001
446.004783153534	250012116.24975	21578394.931
447.003185033798	250012116.25	21582985.6159999
448.001587152481	250012116.25075	21588370.234
449.015588998795	250012116.25	21577880.1770001
450.013989925385	250012116.249	21573563.224
451.012392044067	250012116.25075	21569086.414
452.01079416275	250012116.25	21568895.488
453.009196043015	250012116.24975	21562614.974
454.007596969604	250012116.25	21546748.793
455.005999088287	250012116.25025	21546435.04
456.004400968552	250012116.2495	21540598.0470001
457.002803087235	250012116.25025	21554287.652
458.001204013824	250012116.25025	21554686.26
459.015206098557	250012116.24975	21557072.472
460.013607978821	250012116.24975	21566604.472
461.012010097504	250012116.25075	21567134.1140001
462.010411024094	250012116.24975	21563018.959
463.008813142776	250012116.25	21559670.056
464.007215023041	250012116.24975	21548962.012
465.005617141724	250012116.25025	21537991.809
466.004018068314	250012116.2505	21540753.916
467.002419948578	250012116.24925	21514062.538
468.01642203331	250012116.24925	21511011.668
469.014824151993	250012116.251	21506306.205
470.013225078583	250012116.25	21490470.638
471.011626958847	250012116.25	21513314.293
472.01002907753	250012116.25	21515466.004
473.008430957794	250012116.2495	21508553.918
474.006832122803	250012116.25	21511407.969
475.005234003067	250012116.2505	21516644.115
476.00363612175	250012116.25	21513720.862
477.002038002014	250012116.25025	21527958.031
478.016040086746	250012116.24925	21516729.036
479.014441013336	250012116.2505	21535248.831
480.012843132019	250012116.25	21526543.148
481.011245012283	250012116.25025	21527778.923
482.009647130966	250012116.2505	21516374.848
483.008048057556	250012116.24925	21508496.314
484.00644993782	250012116.24975	21515945.734
485.004852056503	250012116.24975	21520385.143
486.003253936768	250012116.25075	21506118.018
487.001655101776	250012116.25025	21496048.6289999
488.01565694809	250012116.24925	21495438.41
489.014059066772	250012116.24975	21495934.946
490.012460947037	250012116.25075	21508068.92
491.010862112045	250012116.2495	21514179.822
492.00926399231	250012116.24975	21519686.184
493.007666110992	250012116.25125	21504848.214
494.006067991257	250012116.249	21505440.83
495.004469156265	250012116.25075	21502634.4909999
496.00287103653	250012116.24875	21499658.651
497.001273155212	250012116.25125	21492399.77
498.015275001526	250012116.2495	21503664.3000001
499.013675928116	250012116.24975	21495719.711
500.012078046799	250012116.25	21484729.1210001
501.010479927063	250012116.25075	21491567.132
502.008882045746	250012116.2495	21492157.485
503.007282972336	250012116.2495	21481014.939
504.005685091019	250012116.24925	21492316.6589999
505.004086971283	250012116.25175	21497340.396
506.002489089966	250012116.24925	21494669.324
507.016489982605	250012116.25	21488328.341
508.014892101288	250012116.25025	21480786.6140001
509.013293981552	250012116.24925	21486731.304
510.011696100235	250012116.2495	21494263.936
511.010097026825	250012116.251	21488711.04
512.008499145508	250012116.25075	21480054.091
513.006901025772	250012116.249	21476041.975
514.005303144455	250012116.251	21474744.694
515.003704071045	250012116.249	21488170.352
516.002105951309	250012116.25025	21490643.7490001
517.016108036041	250012116.25025	21483012.992
518.014510154724	250012116.251	21483076.178
519.012912034988	250012116.24875	21477539.106
520.011312961578	250012116.2505	21447010.509
521.009715080261	250012116.2495	21407953.279
522.008116960526	250012116.24975	21402875.921
523.006519079208	250012116.25	21405147.051
524.004920005798	250012116.2505	21404107.451
525.003322124481	250012116.25	21405966.599
526.001724004745	250012116.25	21410485.863
527.015726089478	250012116.2495	21415246.107
528.014127016068	250012116.24975	21419808.91
529.01252913475	250012116.2505	21426524.98
530.010931015015	250012116.24975	21440235.885
531.009333133698	250012116.25025	21428850.008
532.007734060287	250012116.24975	21423672.36
533.006135940552	250012116.2505	21423017.291
534.004538059235	250012116.24925	21424774.073
535.002939939499	250012116.25	21434654.615
536.016941070557	250012116.25075	21437711.99
537.015342950821	250012116.24975	21438886.784
538.013745069504	250012116.2505	21444132.09
539.012146949768	250012116.2495	21439041.847
540.010548114777	250012116.25	21442201.203
541.008949995041	250012116.25025	21442841.929
542.007352113724	250012116.25	21446325.7029999
543.005753993988	250012116.24925	21441751.4570001
544.004155158997	250012116.24975	21450846.808
545.002557039261	250012116.25075	21443628.1
546.016559123993	250012116.24975	21433556.418
547.014961004257	250012116.25075	21437337.5619999
548.013361930847	250012116.24925	21440439.1960001
549.01176404953	250012116.25025	21446610.495
550.010165929794	250012116.249	21440227.071
551.008568048477	250012116.251	21433950.202
552.006968975067	250012116.25025	21435845.324
553.00537109375	250012116.24925	21438292.5339999
554.003772974014	250012116.2505	21438683.252
555.002175092697	250012116.24975	21446692.49
556.016176939011	250012116.2505	21445759.041
557.014578104019	250012116.24975	21451909.5010001
558.012979984283	250012116.25025	21454894.9069999
559.011382102966	250012116.25025	21452359.868
560.009783983231	250012116.25025	21450567.944
561.008185148239	250012116.24975	21457719.04
562.006587028503	250012116.25025	21450585.988
563.004989147186	250012116.249	21462022.222
564.003391027451	250012116.25075	21458143.874
565.017392158508	250012116.2495	21463102.0430001
566.015794038773	250012116.2505	21461325.944
567.014196157455	250012116.2495	21456497.3349999
568.01259803772	250012116.2495	21452806.524
569.01099896431	250012116.25025	21468752.165
570.009401082993	250012116.2505	21461634.905
571.007802963257	250012116.24975	21446566.987
572.00620508194	250012116.25	21404676.712
573.00460600853	250012116.25025	21404802.235
574.003008127213	250012116.24975	21414987.194
575.017009973526	250012116.24975	21449712.034
576.015412092209	250012116.25075	21471824.022
577.013813018799	250012116.24925	21461446.923
578.012215137482	250012116.2505	21453606.727
579.010617017746	250012116.25025	21453117.288
580.009019136429	250012116.24975	21451670.006
581.007420063019	250012116.2495	21445835.651
582.005821943283	250012116.25025	21436518.248
583.004224061966	250012116.25025	21440432.89
584.00262594223	250012116.25025	21441567.222
585.016627073288	250012116.24975	21435636.958
586.015028953552	250012116.25	21445516.083
587.013431072235	250012116.25	21435951.743
588.011832952499	250012116.25025	21436393.061
589.010234117508	250012116.249	21423579.19
590.008635997772	250012116.25125	21407904.6
591.007038116455	250012116.2495	21406333.95
592.005439996719	250012116.24975	21411825.308
593.003841161728	250012116.25025	21411910.335
594.017843008041	250012116.25	21413960.7479999
595.016245126724	250012116.2495	21413732.732
596.014647006989	250012116.2505	21413321.3560001
597.013049125671	250012116.25	21415880.8529999
598.011450052261	250012116.24975	21416649.506
599.009851932526	250012116.2495	21414492.4270001
600.008254051209	250012116.25125	21416248.291
601.006655931473	250012116.24925	21420055.8679999
602.005057096481	250012116.2505	21418776.0090001
603.003458976746	250012116.2495	21419638.141
604.017461061478	250012116.25	21424083.9069999
605.015862941742	250012116.25	21424060.3430001
606.01426410675	250012116.25025	21425965.5819999
607.012665987015	250012116.25075	21426095.1220001
608.011068105698	250012116.24875	21428113.5059999
609.009469985962	250012116.25025	21426809.3760001
610.00787115097	250012116.25025	21424137.855
611.006273031235	250012116.2495	21423525.9469999
612.004675149918	250012116.25025	21429239.151
613.003077030182	250012116.24975	21432306.886
614.01707816124	250012116.2505	21432716.136
615.015480041504	250012116.25025	21439125.862
616.013882160187	250012116.25	21441229.013
617.012284040451	250012116.24975	21443091.548
618.010684967041	250012116.25	21446410.5319999
619.009087085724	250012116.24975	21436146.981
620.007488965988	250012116.24975	21429132.226
621.005891084671	250012116.24975	21433762.83
622.004292011261	250012116.2505	21445204.867
623.018294095993	250012116.25	21454989.019
624.016695976257	250012116.25025	21453570.043
625.01509809494	250012116.24925	21447154.858
626.01349902153	250012116.25075	21453338.206
627.011901140213	250012116.25025	21442974.096
628.010303020477	250012116.25025	21440833.687
629.00870513916	250012116.2495	21440346.535
630.00710606575	250012116.24975	21427555.545
631.005507946014	250012116.25025	21429516.252
632.003910064697	250012116.25025	21423529.659
633.017912149429	250012116.2495	21426710.849
634.016314029694	250012116.251	21424705.59
635.014714956284	250012116.24875	21431198.85
636.013117074966	250012116.251	21433184.8
637.011518955231	250012116.24875	21433702.048
638.009921073914	250012116.25075	21433316.1
639.008322000504	250012116.25	21440447.97
640.006724119186	250012116.24925	21439171.015
641.005125999451	250012116.251	21444236.381
642.003528118134	250012116.2495	21447544.872
643.017529010773	250012116.24975	21446108.979
644.015931129456	250012116.25	21441312.7690001
645.01433300972	250012116.25025	21447606.461
646.012735128403	250012116.25	21454310.755
647.011136054993	250012116.25025	21462924.719
648.009537935257	250012116.24925	21454888.8130001
649.00794005394	250012116.251	21454200.7479999
650.006341934204	250012116.25	21458428.908
651.004743099213	250012116.2495	21463565.508
652.003144979477	250012116.2495	21463968.095
653.017147064209	250012116.2505	21415285.942
654.015548944473	250012116.2495	21403983.224
655.013950109482	250012116.25075	21414988.7819999
656.012351989746	250012116.2505	21420024.7820001
657.010754108429	250012116.249	21414744.272
658.009155988693	250012116.24975	21415572.926
659.007557153702	250012116.2505	21413397.036
660.005959033966	250012116.24975	21415906.67
661.004361152649	250012116.25075	21411262.2920001
662.018362998962	250012116.24975	21413722.357
663.016763925552	250012116.2505	21413608.235
664.015166044235	250012116.249	21416957.446
665.013568162918	250012116.25075	21419153.437
666.011970043182	250012116.2495	21420196.5499999
667.010370969772	250012116.24975	21421840.7590001
668.008773088455	250012116.25075	21421680.985
669.007174968719	250012116.2505	21430394.344
670.005577087402	250012116.249	21435395.844
671.003978013992	250012116.25	21436121.165
672.017980098724	250012116.24975	21432705.137
673.016381978989	250012116.25	21440319.63
674.014784097672	250012116.2505	21443768.849
675.013185977936	250012116.25	21442958.239
676.011587142944	250012116.25025	21438544.02
677.009989023209	250012116.24975	21439937.62
678.008391141891	250012116.24975	21443043.342
679.006793022156	250012116.25	21444948.03
680.005193948746	250012116.25	21452311.097
681.003596067429	250012116.25	21449738.899
682.017598152161	250012116.25025	21452297.027
683.016000032425	250012116.25	21452119.894
684.014400959015	250012116.2505	21460085.176
685.012803077698	250012116.2495	21452652.905
686.011204957962	250012116.25	21449796.115
687.009607076645	250012116.25025	21453511.16
688.008008003235	250012116.24975	21453403.01
689.006410121918	250012116.249	21444577.696
690.004812002182	250012116.25075	21443540.326
691.018814086914	250012116.25025	21443089.5499999
692.017215013504	250012116.24975	21434558.304
693.015617132187	250012116.25	21440235.7180001
694.014019012451	250012116.2505	21429841.1379999
695.012421131134	250012116.2495	21436413.105
696.010822057724	250012116.2505	21435187.237
697.009223937988	250012116.249	21436856.939
698.007626056671	250012116.25075	21442633.904
699.006027936935	250012116.25025	21439857.915
700.004429101944	250012116.24975	21440925.0470001
701.018430948257	250012116.25	21439728.281
702.01683306694	250012116.25025	21433648.4009999
703.015234947205	250012116.24975	21434451.1670001
704.013636112213	250012116.25	21439944.296
705.012037992477	250012116.25075	21436772.524
706.01044011116	250012116.25	21433244.244
707.008841991425	250012116.249	21437396.9500001
708.007243156433	250012116.25075	21437149.229
709.005645036697	250012116.24925	21436692.68
710.00404715538	250012116.25	21439528.2970001
711.018049001694	250012116.2505	21436869.669
712.016451120377	250012116.25	21432488.6619999
713.014852046967	250012116.24925	21430048.834
714.013253927231	250012116.25	21427570.793
715.011656045914	250012116.25	21431179.983
716.010057926178	250012116.25025	21433633.47
717.008459091187	250012116.25025	21436125.033
718.006860971451	250012116.251	21437851.273
719.005263090134	250012116.24875	21440461.225
720.019264936447	250012116.25	21436632.919
721.017666101456	250012116.25025	21439968.888
722.01606798172	250012116.24925	21444407.812
723.014470100403	250012116.2505	21441597.429
724.012871980667	250012116.2505	21440990.467
725.011273145676	250012116.2495	21447410.116
726.00967502594	250012116.24925	21442552.179
727.008077144623	250012116.251	21443199.075
728.006479024887	250012116.2495	21441559.921
729.004879951477	250012116.25	21434686.917
730.018882036209	250012116.251	21427620.207
731.017284154892	250012116.249	21434359.961
732.015686035156	250012116.25	21429498.17
733.014086961746	250012116.25025	21430746.063
734.012489080429	250012116.2495	21432326.552
735.010890960693	250012116.251	21427956.24
736.009293079376	250012116.25	21426372.375
737.007694005966	250012116.24975	21436715.625
738.006096124649	250012116.25	21435270.141
739.004498004913	250012116.24975	21432282.803
740.018500089645	250012116.2505	21435158.085
741.016901016235	250012116.2495	21436035.92
742.015303134918	250012116.24975	21435609.9
743.013705015183	250012116.25075	21437665.215
744.012107133865	250012116.24975	21437770.71
745.010508060455	250012116.2495	21436175.595
746.00890994072	250012116.25	21437723.719
747.007312059402	250012116.25075	21436041.8480001
748.005713939667	250012116.24975	21438376.0919999
749.019716024399	250012116.2495	21441166.9870001
750.018116950989	250012116.25075	21439137.841
751.016519069672	250012116.24925	21451112.3099999
752.014920949936	250012116.25075	21443580.8690001
753.013323068619	250012116.249	21441186.087
754.011723995209	250012116.25075	21441566.7639999
755.010126113892	250012116.24975	21445466.0520001
756.008527994156	250012116.25025	21448851.6849999
757.006930112839	250012116.25025	21444209.817
758.005331039429	250012116.24975	21451783.643
759.019333124161	250012116.25	21457032.805
760.017735004425	250012116.24975	21455689.7510001
761.016137123108	250012116.24975	21449807.488
762.014538049698	250012116.25025	21446420.6409999
763.012939929962	250012116.25025	21444059.1680001
764.011342048645	250012116.2495	21441444.9829999
765.009743928909	250012116.25025	21438060.2690001
766.008145093918	250012116.25025	21431952.8609999
767.006546974182	250012116.24975	21432081.2690001
768.004949092865	250012116.2505	21432858.638
769.018950939178	250012116.2505	21434912.103
770.017352104187	250012116.2485	21433370.824
771.015753984451	250012116.251	21444698.048
772.014156103134	250012116.24925	21448551.873
773.012557983398	250012116.2505	21451875.191
774.010959148407	250012116.25	21453747.952
775.009361028671	250012116.25025	21450009.131
776.007763147354	250012116.24975	21447106.987
777.006165027618	250012116.25025	21439326.768
778.020166158676	250012116.25	21429563.406
779.01856803894	250012116.24925	21424753.761
780.016970157623	250012116.2505	21425311.039
781.015372037888	250012116.24975	21422597.857
782.013772964478	250012116.25	21423847.017
783.01217508316	250012116.24975	21422474.151
784.010576963425	250012116.25025	21425085.814
785.008979082108	250012116.25	21424352.898
786.007380008698	250012116.25	21424788.465
787.00578212738	250012116.24975	21426834.214
788.019783973694	250012116.25025	21430801.72
789.018186092377	250012116.24975	21425860.552
790.016587972641	250012116.25075	21434100.053
791.01498913765	250012116.2495	21434392.398
792.013391017914	250012116.25	21428481.745
793.011793136597	250012116.25025	21425817.373
794.010195016861	250012116.24925	21424235.794
795.008595943451	250012116.25075	21421383.855
796.006998062134	250012116.24925	21416575.891
797.005399942398	250012116.25075	21417749.9219999
798.01940202713	250012116.2505	21421351.243
799.01780295372	250012116.249	21423353.356
800.016205072403	250012116.2505	21423961.562
801.014606952667	250012116.24975	21424102.9660001
802.01300907135	250012116.25025	21427028.045
803.01140999794	250012116.24975	21424122.72
804.009812116623	250012116.24975	21426401.737
805.008213996887	250012116.25025	21428863.816
806.00661611557	250012116.2505	21431433.7999999
807.020617008209	250012116.24975	21431937.911
808.019019126892	250012116.25	21434917.921
809.017421007156	250012116.25	21435533.165
810.015823125839	250012116.25	21433003.72
811.014224052429	250012116.25	21429922.704
812.012625932693	250012116.25025	21424722.582
813.011028051376	250012116.24825	21428028.567
814.009429931641	250012116.252	21423260.1949999
815.007831096649	250012116.25	21423467.0600001
816.006232976913	250012116.249	21427196.061
817.020235061646	250012116.25075	21424209.834
818.01863694191	250012116.25	21425807.2819999
819.017038106918	250012116.2485	21429390.652
820.015439987183	250012116.2515	21430050.158
821.013842105865	250012116.24975	21425804.085
822.01224398613	250012116.25	21429305.879
823.010645151138	250012116.25	21427671.141
824.009047031403	250012116.25	21434933.843
825.007449150085	250012116.25	21432885.149
826.00585103035	250012116.24925	21428078.19
827.019853115082	250012116.2505	21428122.733
828.018254041672	250012116.25025	21425422.112
829.016656160355	250012116.2495	21425410.227
830.015058040619	250012116.251	21426363.351
831.013460159302	250012116.24975	21423757.292
832.011861085892	250012116.25025	21424648.983
833.010262966156	250012116.24975	21426102.092
834.008665084839	250012116.24925	21427151.011
835.007066965103	250012116.25	21428621.963
836.005468130112	250012116.2505	21430010.056
837.019469976425	250012116.25	21433280.274
838.017872095108	250012116.24975	21433165.662
839.016273975372	250012116.25075	21432168.456
840.014675140381	250012116.24975	21435299.668
841.013077020645	250012116.2495	21435657.958
842.011479139328	250012116.25	21436465.334
843.009881019592	250012116.25075	21438555.701
844.008281946182	250012116.24925	21442147.853
845.006684064865	250012116.2505	21442503.128
846.020686149597	250012116.25	21434776.0669999
847.019088029861	250012116.25	21428792.82
848.017488956451	250012116.249	21425839.71
849.015891075134	250012116.251	21429567.255
850.014292955399	250012116.24975	21433155.097
851.012695074081	250012116.25075	21439545.653
852.011096000671	250012116.24875	21434759.5139999
853.009498119354	250012116.25	21434909.814
854.007899999619	250012116.25075	21436806.086
855.006302118301	250012116.249	21438269.228
856.020303010941	250012116.2505	21438040.543
857.018705129623	250012116.25	21441411.188
858.017107009888	250012116.25025	21438583.715
859.015509128571	250012116.25025	21441215.28
860.013910055161	250012116.24875	21438221.909
861.012311935425	250012116.25125	21435565.9500001
862.010714054108	250012116.2495	21437451.0979999
863.009115934372	250012116.25	21434950.029
864.00751709938	250012116.25	21434955.2510001
865.005918979645	250012116.2505	21438617.722
866.019921064377	250012116.2495	21440772.277
867.018322944641	250012116.25	21442845.904
868.016725063324	250012116.25	21445376.576
869.015125989914	250012116.25	21448265.188
870.013528108597	250012116.25	21450673.097
871.011929988861	250012116.25075	21457905.072
872.010332107544	250012116.2495	21462316.173
873.008733034134	250012116.2495	21461213.585
874.007135152817	250012116.2505	21468158.098
875.02113699913	250012116.25	21463667.944
876.019539117813	250012116.2505	21457547.034
877.017940044403	250012116.24925	21459702.212
878.016342163086	250012116.2495	21456434.028
879.01474404335	250012116.25075	21463814.821
880.013146162033	250012116.2495	21459827.182
881.011547088623	250012116.25075	21452484.807
882.009948968887	250012116.24975	21453719.882
883.00835108757	250012116.2495	21452575.079
884.006752967834	250012116.25025	21447304.189
885.020754098892	250012116.25025	21447715.216
886.019155979156	250012116.25	21450746.591
887.017558097839	250012116.2495	21446233.04
888.015959978104	250012116.25075	21448102.144
889.014361143112	250012116.25	21450999.409
890.012763023376	250012116.249	21458347.668
891.011165142059	250012116.2505	21463040.016
892.009567022324	250012116.25025	21463960.997
893.007967948914	250012116.24975	21455972.783
894.006370067596	250012116.25025	21454484.135
895.020372152328	250012116.24975	21459287.101
896.018774032593	250012116.25025	21455645.768
897.017174959183	250012116.24925	21459723.071
898.015577077866	250012116.25075	21461708.7180001
899.01397895813	250012116.2505	21469102.3939999
900.012381076813	250012116.25025	21461594.7270001
901.010782003403	250012116.249	21462706.538
902.009184122086	250012116.2505	21450922.796
903.00758600235	250012116.25	21452648.701
904.021588087082	250012116.25025	21460894.847
905.019989967346	250012116.2495	21475746.2079999
906.018391132355	250012116.24975	21483794.526
907.016793012619	250012116.2505	21484604.59
908.015195131302	250012116.24975	21496755.395
909.013597011566	250012116.25	21485930.448
910.011997938156	250012116.25	21477567.067
911.010400056839	250012116.25025	21472687.8279999
912.008801937103	250012116.24925	21477781.1770001
913.007204055786	250012116.25025	21478749.178
914.021204948425	250012116.2495	21481716.5650001
915.019607067108	250012116.25125	21489315.508
916.018008947372	250012116.24925	21491093.938
917.016411066055	250012116.25075	21496872.762
918.014811992645	250012116.25	21487321.975
919.013214111328	250012116.25025	21485193.284
920.011615991592	250012116.24925	21485769.74
921.010018110275	250012116.25025	21475810.06
922.008419036865	250012116.2495	21477394.585
923.006821155548	250012116.2505	21474935.348
924.020823001862	250012116.24925	21465654.098
925.019225120544	250012116.251	21474050.389
926.017626047134	250012116.2495	21471625.946
927.016027927399	250012116.24975	21469640.202
928.014430046082	250012116.24925	21476719.925
929.012831926346	250012116.251	21467716.468
930.011233091354	250012116.25025	21476003.5
931.009634971619	250012116.2505	21493403.464
932.008037090302	250012116.249	21491001.845
933.022038936615	250012116.24975	21480369.387
934.020440101624	250012116.25025	21483561.774
935.018841981888	250012116.25025	21492389.791
936.017244100571	250012116.25075	21495911.429
937.015645980835	250012116.24925	21504299.076
938.014047145844	250012116.25	21494329.748
939.012449026108	250012116.2495	21497033.155
940.010851144791	250012116.2495	21493544.979
941.009253025055	250012116.25075	21480647.975
942.007653951645	250012116.25	21493452.259
943.021656036377	250012116.251	21483729.7220001
944.02005815506	250012116.24875	21485323.9829999
945.018460035324	250012116.25075	21488798.6960001
946.016862154007	250012116.25	21488473.262
947.015263080597	250012116.25	21490620.049
948.013664960861	250012116.25	21491222.681
949.012067079544	250012116.24925	21487369.563
950.010468959808	250012116.25	21485964.433
951.008870124817	250012116.251	21494292.1420001
952.007272005081	250012116.24975	21492734.306
953.021274089813	250012116.24975	21494696.946
954.019675970078	250012116.25025	21480393.948
955.018077135086	250012116.24925	21475160.408
956.01647901535	250012116.251	21472641.4860001
957.014881134033	250012116.24925	21492389.2609999
958.013283014297	250012116.2505	21494991.454
959.011683940887	250012116.25	21505388.4050001
960.01008605957	250012116.24925	21513103.877
961.008487939835	250012116.25	21510465.72
962.022490024567	250012116.2505	21518882.546
963.020890951157	250012116.24975	21518355.5079999
964.019293069839	250012116.25	21521103.317
965.017694950104	250012116.24975	21514875.0930001
966.016097068787	250012116.2505	21525390.683
967.014497995377	250012116.2495	21532133.189
968.012900114059	250012116.25	21539667.386
969.011301994324	250012116.24975	21541655.599
970.009704113007	250012116.25075	21528570.734
971.008105039597	250012116.25	21536209.541
972.022107124329	250012116.24975	21538848.587
973.020509004593	250012116.25	21549437.159
974.018911123276	250012116.25025	21541879.134
975.017312049866	250012116.24975	21548079.908
976.01571393013	250012116.25075	21542749.762
977.014116048813	250012116.24825	21538070.101
978.012517929077	250012116.252	21527970.078
979.010919094086	250012116.249	21527739.936
980.00932097435	250012116.2505	21516691.748
981.007723093033	250012116.25	21528667.252
982.021724939346	250012116.24975	21520982.184
983.020127058029	250012116.25	21513552.078
984.018527984619	250012116.2505	21507771.014
985.016930103302	250012116.249	21517031.604
986.015331983566	250012116.25025	21522278.075
987.013734102249	250012116.25025	21513107.097
988.012135028839	250012116.24975	21523610.116
989.010537147522	250012116.2505	21511652.273
990.008939027786	250012116.2495	21509640.433
991.007341146469	250012116.24975	21515281.175
992.021342039108	250012116.25025	21504222.044
993.019744157791	250012116.25025	21506459.721
994.018146038055	250012116.2495	21503265.0960001
995.016548156738	250012116.2505	21510751.7529999
996.014949083328	250012116.25	21515305.442
997.013350963593	250012116.24975	21511340.0650001
998.011753082275	250012116.25	21518310.258
999.01015496254	250012116.2495	21517899.622
1000.00855612755	250012116.25025	21520198.1309999
1001.02255797386	250012116.251	21519271.8260001
1002.02096009254	250012116.24875	21520652.8989999
1003.01936197281	250012116.25075	21514046.149
1004.01776313782	250012116.24975	21508263.984
1005.01616501808	250012116.2505	21509381.874
1006.01456713676	250012116.24925	21512550.8940001
1007.01296901703	250012116.25075	21510725.347
1008.01136994362	250012116.24975	21520498.999
1009.0097720623	250012116.24925	21519483.8840001
1010.00817394257	250012116.251	21514323.9959999
1011.0221760273	250012116.24925	21512468.4710001
1012.02057695389	250012116.25075	21517735.775
1013.01897907257	250012116.24975	21513849.476
1014.01738095284	250012116.25	21513550.441
1015.01578307152	250012116.25025	21514373.8310001
1016.01418399811	250012116.24975	21512443.452
1017.01258611679	250012116.25	21509076.3119999
1018.01098799706	250012116.2495	21508970.1160001
1019.00939011574	250012116.25075	21511640.148
1020.00779104233	250012116.24925	21507594.27
1021.02179312706	250012116.2495	21505448.339
1022.02019500732	250012116.25125	21513656.357
1023.01859712601	250012116.24925	21510655.095
1024.01699900627	250012116.25025	21507601.904
1025.01539993286	250012116.25025	21505968.663
1026.01380205154	250012116.24975	21513033.879
1027.01220393181	250012116.25025	21503769.399
1028.01060605049	250012116.2495	21516034.369
1029.00900697708	250012116.25	21511699.298
1030.02300906181	250012116.2505	21503448.2
1031.02141094208	250012116.25	21504986.263
1032.01981306076	250012116.25	21510590.823
1033.01821398735	250012116.251	21503256.151
1034.01661610603	250012116.249	21493876.727
1035.0150179863	250012116.25075	21485727.974
1036.01342010498	250012116.249	21487095.553
1037.01182103157	250012116.25025	21487140.949
1038.01022315025	250012116.25025	21487221.873
1039.00862503052	250012116.2495	21492986.938
1040.02262711525	250012116.25	21492287.475
1041.02102804184	250012116.25025	21486567.606
1042.01943016052	250012116.25025	21480650.86
1043.01783204079	250012116.24975	21483818.961
1044.01623415947	250012116.2495	21479594.3809999
1045.01463508606	250012116.24975	21487496.5400001
1046.01303696632	250012116.2495	21475731.148
1047.01143908501	250012116.25125	21471803.197
1048.00984096527	250012116.25025	21462800.823
1049.00824213028	250012116.2495	21467353.115
1050.02224397659	250012116.25025	21464976.9549999
1051.02064609528	250012116.25	21471026.8480001
1052.01904797554	250012116.25	21470806.972
1053.01744914055	250012116.25025	21471120.987
1054.01585102081	250012116.2495	21472516.924
1055.0142531395	250012116.24975	21474996.895
1056.01265501976	250012116.25025	21472100.193
1057.01105594635	250012116.2505	21465604.8770001
1058.00945806503	250012116.24925	21467246.668
1059.02346014977	250012116.25025	21468756.481
1060.02186203003	250012116.25	21473550.1440001
1061.02026414871	250012116.25	21477296.972
1062.0186650753	250012116.25025	21475696.178
1063.01706695557	250012116.25025	21474639.771
1064.01546907425	250012116.25	21481100.27
1065.01387095451	250012116.2495	21483771.199
1066.01227211952	250012116.25	21482286.313
1067.01067399979	250012116.24975	21481039.8840001
1068.00907611847	250012116.25025	21477225.481
1069.02307796478	250012116.25025	21472710.629
1070.02147912979	250012116.24975	21485768.369
1071.01988101006	250012116.2505	21479963.106
1072.01828312874	250012116.2495	21483653.683
1073.016685009	250012116.25025	21474170.017
1074.01508593559	250012116.2495	21478386.979
1075.01348805428	250012116.24975	21471662.064
1076.01188993454	250012116.25075	21477716.481
1077.01029205322	250012116.25	21471577.31
1078.00869297981	250012116.25025	21468606.634
1079.02269506454	250012116.2495	21467671.924
1080.02109694481	250012116.25075	21468362.472
1081.01949906349	250012116.2495	21464026.201
1082.01789999008	250012116.2505	21463128.86
1083.01630210876	250012116.2495	21465183.148
1084.01470398903	250012116.24925	21465840.992
1085.01310610771	250012116.2505	21461805.95
1086.0115070343	250012116.24875	21460373.917
1087.00990915298	250012116.252	21460177.185
1088.0239109993	250012116.24925	21464672.3
1089.02231311798	250012116.25	21475451.865
1090.02071404457	250012116.2495	21477179.651
1091.01911616325	250012116.25025	21479444.945
1092.01751804352	250012116.25	21475672.112
1093.0159201622	250012116.25025	21470864.351
1094.01432108879	250012116.25025	21471839.868
1095.01272296906	250012116.24975	21473976.89
1096.01112508774	250012116.2505	21470768.8840001
1097.009526968	250012116.2495	21465182.155
1098.02352905273	250012116.25025	21468166.0599999
1099.02192997932	250012116.25	21466377.7160001
1100.02033209801	250012116.2495	21466320.576
1101.01873397827	250012116.25075	21475115.305
1102.01713609695	250012116.24975	21480976.3540001
1103.01553702354	250012116.25025	21483577.107
1104.01393914223	250012116.2495	21492240.8269999
1105.01234102249	250012116.25	21494397.3490001
1106.01074314117	250012116.25	21495942.109
1107.00914406776	250012116.25025	21489795.206
1108.0231461525	250012116.25	21496135.734
1109.02154803276	250012116.24975	21488072.692
1110.01995015144	250012116.2495	21476733.0880001
1111.01835107803	250012116.25025	21476420.9269999
1112.0167529583	250012116.2495	21476641.783
1113.01515507698	250012116.25125	21474561.09
1114.01355695724	250012116.25	21477928.995
1115.01195812225	250012116.24975	21477643.524
1116.01036000252	250012116.25	21474622.364
1117.02436208725	250012116.25025	21472874.043
1118.02276396751	250012116.24975	21484755.976
1119.02116513252	250012116.25	21488480.696
1120.01956701279	250012116.251	21490634.263
1121.01796913147	250012116.249	21484668.957
1122.01637101173	250012116.2495	21480432.22
1123.01477193832	250012116.2505	21480068.082
1124.01317405701	250012116.24975	21477016.06
1125.01157593727	250012116.2505	21485305.752
1126.00997805595	250012116.24975	21482864.019
1127.02397894859	250012116.25025	21478888.373
1128.02238106728	250012116.24925	21478168.625
1129.02078294754	250012116.25	21479460.044
1130.01918506622	250012116.25075	21479929.063
1131.01758599281	250012116.24925	21474341.043
1132.0159881115	250012116.25075	21474924.97
1133.01438999176	250012116.24925	21474508.779
1134.01279211044	250012116.251	21475001.114
1135.01119303703	250012116.25	21463783.624
1136.00959515572	250012116.24875	21460877.359
1137.02359700203	250012116.25075	21464276.051
1138.02199912071	250012116.24975	21463380.458
1139.02040100098	250012116.249	21460680.209
1140.01880192757	250012116.251	21459291.462
1141.01720404625	250012116.25075	21459843.984
1142.01560592651	250012116.2495	21456332.7909999
1143.0140080452	250012116.24975	21458352.2390001
1144.01240897179	250012116.25025	21458590.8609999
1145.01081109047	250012116.24975	21459596.96
1146.02481293678	250012116.2505	21461191.3839999
1147.02321505547	250012116.25	21471611.488
1148.02161598206	250012116.2495	21494483.402
1149.02001810074	250012116.25	21485439.972
1150.018419981	250012116.2495	21488281.156
1151.01682209969	250012116.25025	21490866.653
1152.01522302628	250012116.25	21489649.179
1153.01362514496	250012116.24925	21485987.063
1154.01202702522	250012116.25125	21477961.936
1155.01042914391	250012116.24975	21469328.9230001
1156.02443003654	250012116.25025	21475645.9399999
1157.02283215523	250012116.25	21473056.874
1158.02123403549	250012116.25025	21474769.0600001
1159.01963615417	250012116.24975	21472187.211
1160.01803708076	250012116.25025	21463269.686
1161.01643896103	250012116.2495	21467494.347
1162.01484107971	250012116.25025	21474173.793
1163.01324295998	250012116.25075	21470630.1680001
1164.01164412498	250012116.24875	21487554.9349999
1165.01004600525	250012116.25	21481851.786
1166.02404808998	250012116.25	21475311.189
1167.02244997025	250012116.251	21477080.601
1168.02085113525	250012116.24925	21470082.258
1169.01925301552	250012116.25025	21480442.876
1170.0176551342	250012116.25	21470395.874
1171.01605701447	250012116.25	21465687.893
1172.01445794106	250012116.2495	21470680.426
1173.01286005974	250012116.25075	21468614.967
1174.01126194	250012116.24975	21471269.696
1175.00966405869	250012116.24975	21470274.281
1176.02366614342	250012116.25	21471517.884
1177.02206707001	250012116.25025	21471958.898
1178.02046895027	250012116.2495	21468844.207
1179.01887106895	250012116.2505	21474154.898
1180.01727294922	250012116.2505	21475394.069
1181.01567411423	250012116.2495	21475121.127
1182.01407599449	250012116.2495	21475931.89
1183.01247811317	250012116.25075	21466614.254
1184.01087999344	250012116.24975	21466311.111
1185.0248811245	250012116.25075	21466495.801
1186.02328300476	250012116.25	21463135.93
1187.02168512344	250012116.2495	21462937.608
1188.02008700371	250012116.25025	21462421.383
1189.0184879303	250012116.2495	21461380.933
1190.01689004898	250012116.24975	21459910.939
1191.01529192925	250012116.25	21461395.899
1192.01369404793	250012116.25	21461160.113
1193.01209497452	250012116.25075	21461128.424
1194.0104970932	250012116.24925	21459617.731
1195.02449893951	250012116.2505	21459109.7770001
1196.0229010582	250012116.24975	21459360.1569999
1197.02130198479	250012116.25025	21461451.059
1198.01970410347	250012116.25	21463837.512
1199.01810598373	250012116.24975	21467065.3460001
1200.01650810242	250012116.2495	21468702.0039999
1201.01490902901	250012116.25	21464377.857
1202.01331114769	250012116.25	21466141.487
1203.01171302795	250012116.25025	21464647.9890001
1204.01011514664	250012116.25075	21463349.6179999
1205.02411603928	250012116.24925	21466892.819
1206.02251815796	250012116.2495	21467367.6160001
1207.02092003822	250012116.25175	21471598.882
1208.01932215691	250012116.249	21467621.932
1209.0177230835	250012116.25	21469018.502
1210.01612496376	250012116.25	21472340.3759999
1211.01452708244	250012116.24975	21472279.796
1212.01292896271	250012116.25025	21469711.268
1213.01133012772	250012116.2505	21469373.151
1214.02533197403	250012116.2495	21470665.959
1215.02373409271	250012116.25	21471500.0120001
1216.02213597298	250012116.2505	21465216.571
1217.02053809166	250012116.24875	21461978.726
1218.01893901825	250012116.25025	21460164.493
1219.01734113693	250012116.251	21462212.238
1220.0157430172	250012116.2495	21463317.905
1221.01414513588	250012116.25	21467563.791
1222.01254606247	250012116.2495	21462876.784
1223.01094794273	250012116.25025	21462651.529
1224.02495002747	250012116.24975	21461795.72
1225.02335214615	250012116.25	21458384.074
1226.02175307274	250012116.25025	21460459.845
1227.020154953	250012116.2505	21460032.292
1228.01855707169	250012116.25	21461791.071
1229.01695895195	250012116.2495	21461796.646
1230.01536011696	250012116.25075	21461503.11
1231.01376199722	250012116.25	21461636.839
1232.01216411591	250012116.24925	21461019.396
1233.01056599617	250012116.2505	21459436.655
1234.02456712723	250012116.25	21461431.481
1235.02296900749	250012116.2495	21461914.771
1236.02137112617	250012116.24975	21460897.218
1237.01977300644	250012116.25025	21459965.819
1238.01817393303	250012116.25	21459467.875
1239.01657605171	250012116.25	21459978.764
1240.01497793198	250012116.25025	21460315.2029999
1241.01338005066	250012116.24975	21459554.228
1242.01178097725	250012116.24975	21462254.793
1243.02578306198	250012116.25075	21468782.886
1244.02418494225	250012116.25	21486833.002
1245.02258706093	250012116.2495	21488432.2420001
1246.02098798752	250012116.24975	21489346.227
1247.0193901062	250012116.25025	21484734.6289999
1248.01779198647	250012116.25075	21476156.9909999
1249.01619410515	250012116.249	21468892.8870001
1250.01459503174	250012116.25	21468713.1869999
1251.01299715042	250012116.25075	21467679.99
1252.01139903069	250012116.24925	21469348.5730001
1253.02540111542	250012116.25	21465130.369
1254.02380299568	250012116.2505	21463996.09
1255.02220416069	250012116.24975	21465718.857
1256.02060604095	250012116.24925	21464322.9349999
1257.01900815964	250012116.2515	21465035.0750001
1258.0174100399	250012116.249	21464203.682
1259.01581096649	250012116.25075	21464338.346
1260.01421308517	250012116.2495	21462425.035
1261.01261496544	250012116.25	21461370.102
1262.01101708412	250012116.25	21463082.72
1263.02501797676	250012116.25	21464143.12
1264.02342009544	250012116.24975	21461403.955
1265.02182197571	250012116.24925	21463011.722
1266.02022409439	250012116.25075	21464638.449
1267.01862502098	250012116.25025	21464338.5599999
1268.01702713966	250012116.24975	21462128.666
1269.01542901993	250012116.2505	21461553.623
1270.01383113861	250012116.2495	21462058.117
1271.0122320652	250012116.25075	21461074.811
1272.02623414993	250012116.2495	21462073.79
1273.0246360302	250012116.25025	21461410.513
1274.02303814888	250012116.24925	21459855.241
1275.02143907547	250012116.25025	21460942.499
1276.01984095573	250012116.2505	21460634.99
1277.01824307442	250012116.24975	21461300.319
1278.01664495468	250012116.25025	21464065.739
1279.01504611969	250012116.24975	21462299.501
1280.01344799995	250012116.25	21462568.834
1281.01185011864	250012116.2505	21463307.696
1282.02585196495	250012116.24975	21466413.818
1283.02425312996	250012116.25025	21464159.105
1284.02265501022	250012116.2495	21463497.453
1285.02105712891	250012116.2495	21463722.058
1286.01945900917	250012116.2505	21463921.361
1287.01785993576	250012116.25025	21466545.074
1288.01626205444	250012116.25025	21467521.111
1289.01466393471	250012116.24925	21458836.926
1290.01306605339	250012116.2505	21463017.175
1291.01146697998	250012116.2485	21461350.044
1292.02546906471	250012116.251	21460318.364
1293.02387094498	250012116.2505	21461521.4490001
1294.02227306366	250012116.25	21460670.0339999
1295.02067494392	250012116.2505	21462265.007
1296.01907610893	250012116.249	21463057.128
1297.0174779892	250012116.25075	21460747.8460001
1298.01588010788	250012116.24975	21461656.1259999
1299.01428198814	250012116.25	21460815.8480001
1300.01268315315	250012116.24975	21461679.403
1301.02668499947	250012116.25	21461386.928
1302.02508711815	250012116.25	21463972.249
1303.02348899841	250012116.25	21460815.5010001
1304.02189016342	250012116.25	21463569.888
1305.02029204369	250012116.25	21462579.934
1306.01869416237	250012116.25025	21462589.959
1307.01709604263	250012116.24975	21461753.114
1308.01549696922	250012116.24975	21464957.314
1309.01389908791	250012116.25025	21462378.567
1310.01230096817	250012116.24975	21462731.464
1311.0263030529	250012116.25025	21461767.7230001
1312.02470397949	250012116.25075	21463036.903
1313.02310609818	250012116.25	21461367.8429999
1314.02150797844	250012116.2495	21461561.322
1315.01991009712	250012116.24975	21464608.661
1316.01831102371	250012116.25075	21465019.118
1317.0167131424	250012116.25	21463721.3149999
1318.01511502266	250012116.24975	21466153.941
1319.01351714134	250012116.249	21466226.227
1320.01191806793	250012116.25025	21464641.759
1321.02592015266	250012116.25075	21464460.082
1322.02432203293	250012116.2495	21462688.775
1323.02272415161	250012116.25	21457451.233
1324.0211250782	250012116.25025	21458924.394
1325.01952695847	250012116.25	21462469.398
1326.01792907715	250012116.25025	21471568.063
1327.01633095741	250012116.2505	21469824.906
1328.01473212242	250012116.24925	21473640.904
1329.01313400269	250012116.2495	21482530.302
1330.01153612137	250012116.25125	21479297.847
1331.02553796768	250012116.24925	21474909.05
1332.02394008636	250012116.25025	21473167.116
1333.02234101295	250012116.249	21469397.92
1334.02074313164	250012116.25075	21469563.686
1335.0191450119	250012116.24975	21469335.2780001
1336.01754713058	250012116.24975	21468976.524
1337.01594805717	250012116.25075	21469035.2999999
1338.01434993744	250012116.24975	21469783.131
1339.01275205612	250012116.24975	21468497.333
1340.02675414085	250012116.25025	21472806.824
1341.02515506744	250012116.25025	21471992.745
1342.02355694771	250012116.2495	21467742.753
1343.02195906639	250012116.24975	21466927.514
1344.02036094666	250012116.25075	21468126.9070001
1345.01876211166	250012116.24975	21469517.678
1346.01716399193	250012116.24975	21466929.221
1347.01556611061	250012116.25	21466905.181
1348.01396799088	250012116.25	21469059.983
1349.01236915588	250012116.2505	21469458.934
1350.0263710022	250012116.25025	21466207.931
1351.02477312088	250012116.24875	21462491.999
1352.02317500114	250012116.25075	21463555.156
1353.02157592773	250012116.24975	21465405.702
1354.01997804642	250012116.25025	21465948.1109999
1355.01837992668	250012116.25025	21466564.32
1356.01678204536	250012116.25	21464994.656
1357.01518297195	250012116.24925	21464490.8019999
1358.01358509064	250012116.2515	21466501.9660001
1359.0119869709	250012116.24925	21464199.5469999
1360.02598905563	250012116.24975	21463748.868
1361.02438998222	250012116.24975	21466010.869
1362.02279210091	250012116.24925	21464340.274
1363.02119398117	250012116.25075	21465491.762
1364.01959609985	250012116.2495	21468188.0320001
1365.01799702644	250012116.25075	21469675.878
1366.01639914513	250012116.25	21468498.096
1367.01480102539	250012116.25025	21467921.01
1368.01320314407	250012116.24975	21464072.181
1369.02720499039	250012116.25	21470060.294
1370.0256061554	250012116.25	21468896.439
1371.02400803566	250012116.25	21466254.07
1372.02241015434	250012116.2495	21466420.055
1373.02081203461	250012116.251	21468574.683
1374.0192129612	250012116.2495	21466479.056
1375.01761507988	250012116.24925	21467302.372
1376.01601696014	250012116.251	21466827.544
1377.01441907883	250012116.24925	21465250.508
1378.01282000542	250012116.25025	21467216.251
1379.02682209015	250012116.25025	21466801.399
1380.02522397041	250012116.24975	21469299.293
1381.0236260891	250012116.2505	21469301.822
1382.02202701569	250012116.24975	21471317.865
1383.02042913437	250012116.24975	21469720.206
1384.01883101463	250012116.24975	21468848.978
1385.01723313332	250012116.25025	21469557.949
1386.01563405991	250012116.25075	21467815.013
1387.01403594017	250012116.2495	21467910.993
1388.01243805885	250012116.25	21468860.996
1389.02644014359	250012116.24975	21467033.901
1390.02484107018	250012116.24975	21465209.351
1391.02324295044	250012116.2505	21463272.34
1392.02164506912	250012116.25	21465444.457
1393.02004694939	250012116.25	21463536.942
1394.0184481144	250012116.2505	21464821.1040001
1395.01684999466	250012116.24975	21464014.979
1396.01525211334	250012116.2495	21464348.023
1397.01365399361	250012116.251	21464501.063
1398.02765512466	250012116.249	21464034.507
1399.02605700493	250012116.25025	21464508.3890001
1400.02445912361	250012116.25	21466772.489
1401.02286100388	250012116.25	21466499.5370001
1402.02126193047	250012116.24925	21466476.641
1403.01966404915	250012116.25075	21464445.1769999
1404.01806592941	250012116.24975	21462981.166
1405.0164680481	250012116.25025	21463047.32
1406.01486897469	250012116.2495	21464451.451
1407.01327109337	250012116.2505	21464968.3759999
1408.02727293968	250012116.24975	21465706.914
1409.02567505836	250012116.2505	21463104.228
1410.02407693863	250012116.2495	21467344.5849999
1411.02247810364	250012116.25025	21473562.0370001
1412.0208799839	250012116.24975	21472498.77
1413.01928210258	250012116.25	21476414.321
1414.01768398285	250012116.25025	21491665.4730001
1415.01608514786	250012116.2505	21486934.549
1416.01448702812	250012116.2495	21483749.3729999
1417.0128891468	250012116.25	21482316.296
1418.02689099312	250012116.24975	21476597.023
1419.02529215813	250012116.25	21476609.764
1420.02369403839	250012116.24975	21475412.442
1421.02209615707	250012116.251	21473398.236
1422.02049803734	250012116.24925	21469824.18
1423.01889896393	250012116.25025	21466906.789
1424.01730108261	250012116.25	21467164.002
1425.01570296288	250012116.25025	21465100.831
1426.01410508156	250012116.24975	21465357.964
1427.0281059742	250012116.2495	21464485.998
1428.02650809288	250012116.24975	21461948.02
1429.02490997314	250012116.25075	21463489.061
1430.02331209183	250012116.2505	21461628.824
1431.02171301842	250012116.25025	21464329.513
1432.0201151371	250012116.249	21464525.674
1433.01851701736	250012116.2505	21465579.853
1434.01691913605	250012116.24925	21464999.134
1435.01532006264	250012116.25025	21468972.776
1436.0137219429	250012116.24925	21463431.836
1437.02772402763	250012116.251	21465938.247
1438.02612614632	250012116.2495	21463805.116
1439.02452707291	250012116.25025	21465836.856
1440.02292895317	250012116.25	21462226.021
1441.02133107185	250012116.2495	21461371.162
1442.01973295212	250012116.25	21461449.886
1443.01813411713	250012116.25025	21462927.156
1444.01653599739	250012116.2505	21462806.6209999
1445.01493811607	250012116.25025	21460732.719
1446.01333999634	250012116.24975	21463293.1900001
1447.02734208107	250012116.25025	21462059.228
1448.02574300766	250012116.24925	21461758.0669999
1449.02414512634	250012116.25025	21463830.176
1450.02254700661	250012116.2505	21462135.7460001
1451.02094912529	250012116.25	21462366.6770001
1452.01935005188	250012116.24975	21463910.4669999
1453.01775193214	250012116.25	21463862.3900001
1454.01615405083	250012116.2505	21465777.6229999
1455.01455593109	250012116.24975	21468282.1370001
1456.02855706215	250012116.25025	21465302.694
1457.02695894241	250012116.2495	21468915.0139999
1458.0253610611	250012116.24925	21469332.268
1459.02376294136	250012116.2505	21468008.439
1460.02216410637	250012116.25	21466851.266
1461.02056598663	250012116.25025	21465617.676
1462.01896810532	250012116.25025	21465476.796
1463.01736998558	250012116.25	21467762.686
1464.01577115059	250012116.25	21468374.2129999
1465.01417303085	250012116.2495	21467569.844
1466.02817511559	250012116.2505	21468923.171
1467.02657699585	250012116.24925	21466696.1470001
1468.02497816086	250012116.24975	21467680.691
1469.02338004112	250012116.25075	21467256.013
1470.02178215981	250012116.25025	21470527.829
1471.02018404007	250012116.25025	21469128.282
1472.01858496666	250012116.2495	21469920.908
1473.01698708534	250012116.24925	21467551.031
1474.01538896561	250012116.251	21468518.86
1475.01379108429	250012116.25025	21466225.051
1476.02779197693	250012116.24975	21467533.849
1477.02619409561	250012116.24975	21471082.183
1478.02459597588	250012116.2495	21473755.987
1479.02299809456	250012116.25025	21466839.862
1480.02139902115	250012116.25025	21464886.128
1481.01980113983	250012116.25025	21463777.36
1482.0182030201	250012116.24925	21467942.288
1483.01660513878	250012116.25025	21469075.478
1484.01500606537	250012116.25	21467487.88
1485.0290081501	250012116.25	21466494.862
1486.02741003036	250012116.24975	21470433.156
1487.02581214905	250012116.251	21474279.568
1488.02421402931	250012116.25	21475789.679
1489.0226149559	250012116.2485	21475845.723
1490.02101707458	250012116.25075	21470790.774
1491.01941895485	250012116.2505	21465829.354
1492.01782107353	250012116.24975	21468425.926
1493.01622200012	250012116.2505	21470861.149
1494.0146241188	250012116.24975	21471100.684
1495.02862596512	250012116.24925	21469861.832
1496.0270280838	250012116.2505	21475356.506
1497.02542901039	250012116.24925	21474023.035
1498.02383112907	250012116.251	21474099.729
1499.02223300934	250012116.2495	21468859.186
1500.02063512802	250012116.2505	21474802.694
1501.01903605461	250012116.25025	21471709.118
1502.01743793488	250012116.24975	21471992.158
1503.01584005356	250012116.25025	21473092.9580001
1504.01424193382	250012116.24925	21478810.964
1505.02824306488	250012116.2495	21475027.747
1506.02664494514	250012116.2505	21476461.97
1507.02504706383	250012116.2505	21476257.2409999
1508.02344894409	250012116.25	21473433.975
1509.0218501091	250012116.24825	21474550.1669999
1510.02025198936	250012116.251	21474234.182
1511.01865410805	250012116.25	21476318.4960001
1512.01705598831	250012116.25075	21475609.5499999
1513.01545715332	250012116.24875	21471202.748
1514.01385903358	250012116.2505	21468927.114
1515.02786111832	250012116.25025	21472279.6470001
1516.02626299858	250012116.2495	21469830.862
1517.02466416359	250012116.2505	21474583.109
1518.02306604385	250012116.25	21469933.043
1519.02146816254	250012116.25075	21469935.239
1520.0198700428	250012116.2495	21475232.014
1521.01827096939	250012116.25025	21470591.007
1522.01667308807	250012116.25	21474628.851
1523.01507496834	250012116.24925	21478134.935
1524.02907705307	250012116.25025	21472908.113
1525.02747893333	250012116.25	21479220.998
1526.02588009834	250012116.25025	21485163.806
1527.02428197861	250012116.24975	21476871.917
1528.02268409729	250012116.25025	21480175.13
1529.02108597755	250012116.25	21479823.843
1530.01948714256	250012116.25	21475305.108
1531.01788902283	250012116.25	21478262.609
1532.01629114151	250012116.25025	21478716.6
1533.01469302177	250012116.24975	21483526.78
1534.02869415283	250012116.24925	21478892.799
1535.0270960331	250012116.25025	21469326.523
1536.02549815178	250012116.25075	21468594.827
1537.02390003204	250012116.24975	21470907.901
1538.02230095863	250012116.24975	21466432.058
1539.02070307732	250012116.24925	21470508.031
1540.01910495758	250012116.251	21473036.662
1541.01750707626	250012116.251	21473017.286
1542.01590800285	250012116.24875	21472900.125
1543.01431012154	250012116.25025	21469047.932
1544.02831196785	250012116.25	21470602.936
1545.02671408653	250012116.24925	21466449.123
1546.02511501312	250012116.25125	21474116.09
1547.02351713181	250012116.24925	21476115.9859999
1548.02191901207	250012116.25	21471322.763
1549.02032113075	250012116.25	21472346.314
1550.01872205734	250012116.2505	21475304.853
1551.01712393761	250012116.25	21473769.038
1552.01552605629	250012116.25075	21480012.095
1553.02952814102	250012116.24925	21481760.446
1554.02792906761	250012116.249	21478605.351
1555.02633094788	250012116.25075	21488605.309
1556.02473306656	250012116.25025	21485348.66
1557.02313494682	250012116.24975	21478502.135
1558.02153611183	250012116.24975	21464831.5550001
1559.0199379921	250012116.25	21467189.317
1560.01834011078	250012116.25025	21463750.005
1561.01674199104	250012116.25025	21467905.099
1562.01514315605	250012116.24975	21464144.901
1563.02914500237	250012116.24975	21465056.352
1564.02754712105	250012116.25025	21467290.492
1565.02594900131	250012116.24975	21465222.171
1566.02435112	250012116.25025	21462310.92
1567.02275204659	250012116.24925	21467022.225
1568.02115392685	250012116.251	21469728.086
1569.01955604553	250012116.25	21465428.717
1570.0179579258	250012116.24975	21467679.091
1571.01635909081	250012116.24975	21474487.178
1572.01476097107	250012116.25025	21478776.8
1573.0287630558	250012116.2505	21476175.963
1574.02716493607	250012116.24925	21478139.253
1575.02556610107	250012116.2505	21471463.775
1576.02396798134	250012116.25	21478993.93
1577.02237010002	250012116.25025	21480833.818
1578.02077198029	250012116.24925	21491058.504
1579.01917314529	250012116.24975	21488956.742
1580.01757502556	250012116.24975	21489016.015
1581.01597714424	250012116.251	21485132.053
1582.02997899055	250012116.25	21488573.752
1583.02838015556	250012116.24925	21492978.29
1584.02678203583	250012116.2505	21493597.756
1585.02518415451	250012116.25025	21494979.014
1586.02358603477	250012116.25	21488940.025
1587.02198696136	250012116.2495	21490076.974
1588.02038908005	250012116.24975	21494623.942
1589.01879096031	250012116.25075	21497088.994
1590.01719307899	250012116.24975	21487392.073
1591.01559400558	250012116.25	21493213.575
1592.02959609032	250012116.25	21488785.704
1593.02799797058	250012116.25	21482072.967
1594.02640008926	250012116.24975	21483313.9810001
1595.02480101585	250012116.2495	21473870.949
1596.02320313454	250012116.2505	21476063.908
1597.0216050148	250012116.25025	21483314.869
1598.02000713348	250012116.2495	21477926.179
1599.01840806007	250012116.2505	21486437.7460001
1600.01680994034	250012116.24925	21479123.005
1601.01521205902	250012116.2505	21485057.3789999
1602.02921414375	250012116.25	21490421.864
1603.02761602402	250012116.251	21484618.8870001
1604.02601695061	250012116.2485	21486379.479
1605.02441906929	250012116.251	21489653.794
1606.02282094955	250012116.24875	21491360.781
1607.02122306824	250012116.25075	21501387.949
1608.01962399483	250012116.25	21489433.938
1609.01802611351	250012116.24975	21493968.202
1610.01642799377	250012116.2505	21493249.874
1611.03043007851	250012116.25	21484632.0520001
1612.0288310051	250012116.24975	21483335.0419999
1613.02723312378	250012116.25025	21484442.8560001
1614.02563500404	250012116.25	21481770.12
1615.02403712273	250012116.2495	21485680.171
1616.02243804932	250012116.25025	21482748.7129999
1617.02083992958	250012116.2505	21481960.063
1618.01924204826	250012116.24925	21480435.319
1619.01764392853	250012116.25125	21482455.395
1620.01604509354	250012116.24975	21480930.282
1621.03004693985	250012116.24975	21484658.002
1622.02844905853	250012116.24975	21477499.054
1623.0268509388	250012116.25025	21473241.041
1624.02525210381	250012116.25	21474967.921
1625.02365398407	250012116.24975	21468794.84
1626.02205610275	250012116.25025	21471948.233
1627.02045798302	250012116.2495	21472179.299
1628.01885914803	250012116.25	21470605.482
1629.01726102829	250012116.2505	21469256.201
1630.01566314697	250012116.249	21471063.026
1631.02966499329	250012116.251	21471831.826
1632.02806615829	250012116.2495	21465443.178
1633.02646803856	250012116.25075	21471458.928
1634.02487015724	250012116.2495	21468726.076
1635.02327203751	250012116.25	21461983.854
1636.0216729641	250012116.25	21465563.923
1637.02007508278	250012116.24975	21471014.111
1638.01847696304	250012116.25	21470186.031
1639.01687908173	250012116.2505	21471075.04
1640.03087997437	250012116.24975	21472332.925
1641.02928209305	250012116.25	21469659.922
1642.02768397331	250012116.2505	21472891.312
1643.026086092	250012116.24925	21479735.744
1644.02448797226	250012116.24975	21473185.955
1645.02288913727	250012116.25025	21470697.112
1646.02129101753	250012116.25025	21472171.7639999
1647.01969313622	250012116.24975	21469019.123
1648.01809501648	250012116.25025	21463502.097
1649.01649594307	250012116.24925	21463924.046
1650.0304980278	250012116.25125	21462992.862
1651.02890014648	250012116.25	21461948.069
1652.02730202675	250012116.25	21458302.143
1653.02570295334	250012116.2495	21457570.775
1654.02410507202	250012116.25025	21455079.102
1655.02250695229	250012116.25025	21457020.988
1656.02090907097	250012116.25075	21460510.4249999
1657.01930999756	250012116.249	21458116.1260001
1658.01771211624	250012116.2495	21461332.49
1659.01611399651	250012116.25025	21469039.822
1660.03011608124	250012116.24975	21472799.0189999
1661.02851700783	250012116.25075	21473161.0580001
1662.02691912651	250012116.249	21479827.158
1663.02532100677	250012116.25025	21480793.9549999
1664.02372312546	250012116.2505	21474906.4860001
1665.02212405205	250012116.24925	21471687.5979999
1666.02052593231	250012116.2495	21480597.1210001
1667.01892805099	250012116.25125	21475750.761
1668.01732993126	250012116.24925	21479554.9139999
1669.01573109627	250012116.25	21473128.851
1670.02973294258	250012116.25	21470056.214
1671.02813506126	250012116.2495	21472162.509
1672.02653694153	250012116.25125	21471725.462
1673.02493810654	250012116.24975	21481123.119
1674.0233399868	250012116.24975	21478867.893
1675.02174210548	250012116.25025	21478054.392
1676.02014398575	250012116.25	21472298.536
1677.01854515076	250012116.25	21471991.064
1678.01694703102	250012116.24925	21467213.954
1679.03094911575	250012116.25075	21468222.946
1680.02935099602	250012116.2495	21470794.18
1681.0277531147	250012116.25025	21472021.935
1682.02615404129	250012116.24975	21476153.0790001
1683.02455615997	250012116.25025	21470313.99
1684.02295804024	250012116.25075	21472261.0750001
1685.02136015892	250012116.24975	21475554.859
1686.01976108551	250012116.24925	21483841.902
1687.01816296577	250012116.25025	21476031.478
1688.01656508446	250012116.249	21471421.863
1689.03056693077	250012116.2515	21474353.22
1690.02896809578	250012116.25	21467017.549
1691.02736997604	250012116.24975	21460750.956
1692.02577209473	250012116.24925	21466863.103
1693.02417397499	250012116.25075	21472416.206
1694.02257514	250012116.25075	21470672.835
1695.02097702026	250012116.249	21470199.8609999
1696.01937913895	250012116.2505	21472009.1010001
1697.01778101921	250012116.25	21482843.035
1698.0161819458	250012116.24925	21482820.248
1699.03018403053	250012116.25075	21483266.5849999
1700.02858614922	250012116.24925	21468496.102
1701.02698802948	250012116.2505	21465187.747
1702.02538895607	250012116.25	21474315.245
1703.02379107475	250012116.25025	21471535.7520001
1704.02219295502	250012116.25025	21472091.8449999
1705.0205950737	250012116.2495	21469251.5660001
1706.01899600029	250012116.2495	21470881.673
1707.01739811897	250012116.2495	21468382.5929999
1708.03139996529	250012116.25125	21472672.983
1709.02980208397	250012116.2495	21467641.499
1710.02820301056	250012116.24925	21467126.0010001
1711.02660512924	250012116.2505	21472909.262
1712.02500700951	250012116.25025	21472377.687
1713.02340912819	250012116.2495	21468231.272
1714.02181005478	250012116.25125	21467075.8250001
1715.02021193504	250012116.2495	21469581.4959999
1716.01861405373	250012116.25025	21463756.4790001
1717.01701593399	250012116.24925	21465081.16
1718.03101706505	250012116.25	21470925.206
1719.02941894531	250012116.25075	21474613.644
1720.027821064	250012116.25	21476465.016
1721.02622294426	250012116.2495	21473001.81
1722.02462506294	250012116.25	21480806.057
1723.02302598953	250012116.2495	21482154.238
1724.02142810822	250012116.2505	21483228.529
1725.01982998848	250012116.25025	21492491.112
1726.01823210716	250012116.2505	21489120.207
1727.01663303375	250012116.2495	21490033.032
1728.03063511848	250012116.25	21485941.32
1729.02903699875	250012116.25	21482099.825
1730.02743911743	250012116.25	21480974.936
1731.02584004402	250012116.24975	21476063.482
1732.0242421627	250012116.25075	21473130.606
1733.02264404297	250012116.24925	21467969.028
1734.02104616165	250012116.25025	21476747.972
1735.01944708824	250012116.24975	21474241.305
1736.01784896851	250012116.25025	21469139.762
1737.03185105324	250012116.25	21477809.758
1738.0302529335	250012116.24975	21479615.127
1739.02865409851	250012116.24975	21478254.891
1740.02705597878	250012116.25175	21479026.313
1741.02545809746	250012116.2495	21478601.875
1742.02385997772	250012116.24975	21481475.199
1743.02226114273	250012116.24875	21477377.684
1744.020663023	250012116.251	21479203.923
1745.01906514168	250012116.24925	21474030.076
1746.01746702194	250012116.24975	21482375.997
1747.031468153	250012116.2505	21475487.873
1748.02987003326	250012116.24975	21481016.176
1749.02827215195	250012116.2515	21475058.008
1750.02667403221	250012116.24875	21485212.6620001
1751.0250749588	250012116.24975	21482324.4289999
1752.02347707748	250012116.25	21482212.8000001
1753.02187895775	250012116.25025	21492487.192
1754.02028107643	250012116.24975	21491399.7559999
1755.01868200302	250012116.251	21486925.158
1756.0170841217	250012116.2495	21486745.52
1757.03108596802	250012116.24975	21484476.5500001
1758.0294880867	250012116.24975	21485908.874
1759.02788996696	250012116.25075	21482224.044
1760.02629113197	250012116.24975	21485761.062
1761.02469301224	250012116.25	21484594.757
1762.02309513092	250012116.24975	21485546.6109999
1763.02149701118	250012116.24975	21470568.7850001
1764.01989793777	250012116.25	21450263.688
1765.01830005646	250012116.25025	21470056.064
1766.03230214119	250012116.25025	21480567.147
1767.03070402145	250012116.25	21474544.804
1768.02910494804	250012116.2505	21488212.9300001
1769.02750706673	250012116.24975	21493692.536
1770.02590894699	250012116.25	21487771.734
1771.02431106567	250012116.2495	21479773.776
1772.02271199226	250012116.25	21481129.938
1773.02111411095	250012116.25	21489269.048
1774.01951599121	250012116.25	21483803.131
1775.01791810989	250012116.25075	21479163.216
1776.03191900253	250012116.24925	21482083.248
1777.03032112122	250012116.25025	21486275.478
1778.02872300148	250012116.24975	21496670.077
1779.02712512016	250012116.25025	21499222.692
1780.02552604675	250012116.24975	21498156.205
1781.02392792702	250012116.25025	21500295.095
1782.0223300457	250012116.25	21501796.827
1783.02073192596	250012116.251	21500025.068
1784.01913309097	250012116.249	21483519.723
1785.01753497124	250012116.24975	21464498.287
1786.03153705597	250012116.24975	21495451.78
1787.02993893623	250012116.25075	21488762.11
1788.02834010124	250012116.25	21495574.924
1789.02674198151	250012116.2495	21502766.117
1790.02514410019	250012116.25025	21492074.957
1791.02354598045	250012116.2505	21488062.912
1792.02194714546	250012116.24925	21468182.089
1793.02034902573	250012116.24975	21483801.151
1794.01875114441	250012116.25025	21480484.8709999
1795.03275299072	250012116.2495	21478108.924
1796.03115415573	250012116.251	21482831.8870001
1797.029556036	250012116.24825	21482382.3169999
1798.02795815468	250012116.2515	21480771.837
1799.02636003494	250012116.24975	21484637.089
1800.02476215363	250012116.2505	21475078.9530001
1801.02316308022	250012116.2495	21468988.0649999
1802.02156496048	250012116.25075	21472387.0930001
1803.01996707916	250012116.25025	21475644.939
1804.01836895943	250012116.24975	21471135.8789999
1805.03237009048	250012116.2495	21475137.406
1806.03077197075	250012116.25	21469895.655
1807.02917408943	250012116.2495	21466597.2540001
1808.0275759697	250012116.25	21473537.502
1809.0259771347	250012116.25025	21467646.607
1810.02437901497	250012116.25025	21474961.554
1811.02278113365	250012116.2495	21471107.387
1812.02118301392	250012116.25	21472057.642
1813.01958394051	250012116.25025	21473227.146
1814.01798605919	250012116.2505	21465430.074
1815.03198814392	250012116.24925	21466139.414
1816.03039002419	250012116.251	21468201.738
1817.02879095078	250012116.25	21472038.87
1818.02719306946	250012116.249	21473792.683
1819.02559494972	250012116.2505	21474602.109
1820.02399706841	250012116.25	21470461.072
1821.022397995	250012116.24925	21470098.697
1822.02080011368	250012116.25125	21472798.016
1823.01920199394	250012116.2495	21466697.111
1824.01760411263	250012116.24975	21464463.32
1825.03160500526	250012116.25025	21463093.107
1826.03000712395	250012116.24975	21462104.759
1827.02840900421	250012116.2505	21458339.882
1828.02681112289	250012116.24925	21463789.855
1829.02521204948	250012116.25075	21468569.176
1830.02361392975	250012116.249	21467851.091
1831.02201604843	250012116.251	21465018.885
1832.0204179287	250012116.2495	21459641.95
1833.0188190937	250012116.25025	21460018.223
1834.03282094002	250012116.24975	21464070.909
1835.0312230587	250012116.2495	21465651.035
1836.02962493896	250012116.2505	21464513.327
