Generated by TimeView III
Date:;Mon May 17 17:09:19 2021Instrument:;PENDULUM, CNT-91, 232653, V1.28 25 Aug 2010 11:52
Data:;Frequency

0; 250012645.247171;
1; 250012645.249788;
2; 250012645.250653;
3; 250012645.250532;
4; 250012645.250706;
5; 250012645.250089;
6; 250012645.25125;
7; 250012645.249312;
8; 250012645.250763;
9.01; 250012645.248536;
10.01; 250012645.249828;
11.01; 250012645.248999;
12.01; 250012645.249401;
13.01; 250012645.249402;
14.01; 250012645.249345;
15.01; 250012645.249298;
16.01; 250012645.249876;
17.01; 250012645.250037;
18.01; 250012645.248953;
19.02; 250012645.249152;
20.02; 250012645.250916;
21.02; 250012645.250625;
22.02; 250012645.251743;
23.02; 250012645.248632;
24.02; 250012645.25189;
25.02; 250012645.250444;
26.02; 250012645.250768;
27.02; 250012645.249351;
28.02; 250012645.249932;
29.02; 250012645.247302;
30.03; 250012645.248576;
31.03; 250012645.248411;
32.03; 250012645.251134;
33.03; 250012645.249992;
34.03; 250012645.248964;
35.03; 250012645.249558;
36.03; 250012645.249935;
37.03; 250012645.249894;
38.03; 250012645.249627;
39.04; 250012645.249971;
40.04; 250012645.252003;
41.04; 250012645.249482;
42.04; 250012645.249189;
43.04; 250012645.248384;
44.04; 250012645.250543;
45.04; 250012645.250059;
46.04; 250012645.249577;
47.04; 250012645.250683;
48.04; 250012645.252056;
49.05; 250012645.251313;
50.05; 250012645.250406;
51.05; 250012645.249409;
52.05; 250012645.249829;
53.05; 250012645.250545;
54.05; 250012645.248642;
55.05; 250012645.249348;
56.05; 250012645.249679;
57.05; 250012645.250174;
58.05; 250012645.249917;
59.05; 250012645.250702;
60.06; 250012645.247577;
61.06; 250012645.250184;
62.06; 250012645.252075;
63.06; 250012645.250546;
64.06; 250012645.24944;
65.06; 250012645.249109;
66.06; 250012645.250109;
67.06; 250012645.249346;
68.06; 250012645.249006;
69.06; 250012645.249863;
70.06; 250012645.249015;
71.07; 250012645.24822;
72.07; 250012645.250671;
73.07; 250012645.249671;
74.07; 250012645.248964;
75.07; 250012645.251664;
76.07; 250012645.249995;
77.07; 250012645.250511;
78.07; 250012645.249629;
79.07; 250012645.250031;
80.08; 250012645.251267;
81.08; 250012645.249808;
82.08; 250012645.248969;
83.08; 250012645.250114;
84.08; 250012645.251791;
85.08; 250012645.249168;
86.08; 250012645.251488;
87.08; 250012645.250997;
88.08; 250012645.249729;
89.08; 250012645.251327;
90.09; 250012645.249165;
91.09; 250012645.251683;
92.09; 250012645.249793;
93.09; 250012645.251842;
94.09; 250012645.251064;
95.09; 250012645.25043;
96.09; 250012645.250623;
97.09; 250012645.250017;
98.09; 250012645.249436;
99.09; 250012645.25134;
100.1; 250012645.2535;
101.1; 250012645.251033;
102.1; 250012645.250347;
103.1; 250012645.249448;
104.1; 250012645.25143;
105.1; 250012645.248094;
106.1; 250012645.250843;
107.1; 250012645.251082;
108.1; 250012645.249708;
109.11; 250012645.250436;
110.11; 250012645.249205;
111.11; 250012645.249352;
112.11; 250012645.250129;
113.11; 250012645.249955;
114.11; 250012645.250027;
115.11; 250012645.249181;
116.11; 250012645.249913;
117.11; 250012645.250296;
118.11; 250012645.249797;
119.11; 250012645.249389;
120.12; 250012645.250881;
121.12; 250012645.248777;
122.12; 250012645.249315;
123.12; 250012645.250059;
124.12; 250012645.250258;
125.12; 250012645.249249;
126.12; 250012645.24821;
127.12; 250012645.251927;
128.12; 250012645.249274;
129.12; 250012645.250512;
130.13; 250012645.249814;
131.13; 250012645.250653;
132.13; 250012645.249887;
133.13; 250012645.249781;
134.13; 250012645.247489;
135.13; 250012645.251519;
136.13; 250012645.25029;
137.13; 250012645.250581;
138.13; 250012645.250496;
139.13; 250012645.249353;
140.14; 250012645.248775;
141.14; 250012645.249463;
142.14; 250012645.250199;
143.14; 250012645.24926;
144.14; 250012645.250882;
145.14; 250012645.247993;
146.14; 250012645.250547;
147.14; 250012645.252778;
148.14; 250012645.251641;
149.14; 250012645.251473;
150.15; 250012645.251723;
151.15; 250012645.248706;
152.15; 250012645.249211;
153.15; 250012645.249154;
154.15; 250012645.250654;
155.15; 250012645.250957;
156.15; 250012645.249737;
157.15; 250012645.24977;
158.15; 250012645.248317;
159.15; 250012645.250559;
160.15; 250012645.24891;
161.16; 250012645.251154;
162.16; 250012645.247821;
163.16; 250012645.249413;
164.16; 250012645.251114;
165.16; 250012645.248693;
166.16; 250012645.247234;
167.16; 250012645.250567;
168.16; 250012645.253294;
169.16; 250012645.249849;
170.17; 250012645.253303;
171.17; 250012645.246827;
172.17; 250012645.251213;
173.17; 250012645.248991;
174.17; 250012645.251367;
175.17; 250012645.248941;
176.17; 250012645.248693;
177.17; 250012645.247587;
178.17; 250012645.248647;
179.17; 250012645.249282;
180.18; 250012645.25218;
181.18; 250012645.249035;
182.18; 250012645.248825;
183.18; 250012645.246504;
184.18; 250012645.248421;
185.18; 250012645.249786;
186.18; 250012645.252544;
187.18; 250012645.247778;
188.18; 250012645.250134;
189.18; 250012645.249369;
190.18; 250012645.251135;
191.18; 250012645.248637;
192.19; 250012645.250239;
193.19; 250012645.252602;
194.19; 250012645.249594;
195.19; 250012645.251356;
196.19; 250012645.248982;
197.19; 250012645.251627;
198.19; 250012645.252357;
199.2; 250012645.250705;
200.2; 250012645.249312;
201.2; 250012645.249544;
202.2; 250012645.247877;
203.2; 250012645.250393;
204.2; 250012645.248354;
205.2; 250012645.250951;
206.2; 250012645.25152;
207.2; 250012645.25047;
208.2; 250012645.248944;
209.2; 250012645.249671;
210.21; 250012645.248418;
211.21; 250012645.248416;
212.21; 250012645.250149;
213.21; 250012645.250084;
214.21; 250012645.251733;
215.21; 250012645.250678;
216.21; 250012645.248303;
217.21; 250012645.249473;
218.21; 250012645.248629;
219.21; 250012645.251016;
220.21; 250012645.250055;
221.21; 250012645.249388;
222.22; 250012645.248981;
223.22; 250012645.247339;
224.22; 250012645.249916;
225.22; 250012645.250541;
226.22; 250012645.248918;
227.22; 250012645.252602;
228.22; 250012645.250919;
229.22; 250012645.251239;
230.23; 250012645.247243;
231.23; 250012645.251443;
232.23; 250012645.250568;
233.23; 250012645.250669;
234.23; 250012645.249359;
235.23; 250012645.249987;
236.23; 250012645.250946;
237.23; 250012645.247909;
238.23; 250012645.252132;
239.23; 250012645.251989;
240.24; 250012645.248597;
241.24; 250012645.251078;
242.24; 250012645.250325;
243.24; 250012645.249525;
244.24; 250012645.2507;
245.24; 250012645.252009;
246.24; 250012645.249042;
247.24; 250012645.248369;
248.24; 250012645.251788;
249.24; 250012645.251336;
250.24; 250012645.250108;
251.24; 250012645.249921;
252.25; 250012645.24959;
253.25; 250012645.248917;
254.25; 250012645.251655;
255.25; 250012645.248864;
256.25; 250012645.250491;
257.25; 250012645.250062;
258.25; 250012645.249092;
259.25; 250012645.248085;
260.26; 250012645.251001;
261.26; 250012645.250935;
262.26; 250012645.247923;
263.26; 250012645.248929;
264.26; 250012645.251214;
265.26; 250012645.250498;
266.26; 250012645.248773;
267.26; 250012645.250342;
268.26; 250012645.250009;
269.26; 250012645.251587;
270.27; 250012645.251554;
271.27; 250012645.249476;
272.27; 250012645.249348;
273.27; 250012645.250513;
274.27; 250012645.250766;
275.27; 250012645.2509;
276.27; 250012645.248689;
277.27; 250012645.249581;
278.27; 250012645.252474;
279.27; 250012645.249751;
280.27; 250012645.249754;
281.28; 250012645.247915;
282.28; 250012645.248897;
283.28; 250012645.249195;
284.28; 250012645.25092;
285.28; 250012645.251672;
286.28; 250012645.248735;
287.28; 250012645.252614;
288.28; 250012645.250241;
289.28; 250012645.248979;
290.29; 250012645.251271;
291.29; 250012645.251087;
292.29; 250012645.250811;
293.29; 250012645.249313;
294.29; 250012645.250788;
295.29; 250012645.247756;
296.29; 250012645.250338;
297.29; 250012645.249318;
298.29; 250012645.249049;
299.29; 250012645.248573;
300.3; 250012645.249378;
301.3; 250012645.250322;
302.3; 250012645.251195;
303.3; 250012645.251419;
304.3; 250012645.251407;
305.3; 250012645.250478;
306.3; 250012645.250071;
307.3; 250012645.24858;
308.3; 250012645.250869;
309.3; 250012645.249829;
310.3; 250012645.248623;
311.31; 250012645.250332;
312.31; 250012645.249243;
313.31; 250012645.248859;
314.31; 250012645.25079;
315.31; 250012645.251324;
316.31; 250012645.249433;
317.31; 250012645.24962;
318.31; 250012645.250525;
319.31; 250012645.249373;
320.32; 250012645.25112;
321.32; 250012645.251119;
322.32; 250012645.250777;
323.32; 250012645.248345;
324.32; 250012645.249682;
325.32; 250012645.250568;
326.32; 250012645.248896;
327.32; 250012645.249121;
328.32; 250012645.248878;
329.32; 250012645.250554;
330.32; 250012645.249729;
331.33; 250012645.250524;
332.33; 250012645.249906;
333.33; 250012645.251876;
334.33; 250012645.248909;
335.33; 250012645.250053;
336.33; 250012645.251516;
337.33; 250012645.251659;
338.33; 250012645.249156;
339.33; 250012645.251406;
340.33; 250012645.249736;
341.33; 250012645.250351;
342.34; 250012645.249937;
343.34; 250012645.251699;
344.34; 250012645.249082;
345.34; 250012645.250183;
346.34; 250012645.250097;
347.34; 250012645.249817;
348.34; 250012645.250508;
349.34; 250012645.247039;
350.35; 250012645.248452;
351.35; 250012645.249751;
352.35; 250012645.24965;
353.35; 250012645.251442;
354.35; 250012645.248137;
355.35; 250012645.250725;
356.35; 250012645.249655;
357.35; 250012645.251456;
358.35; 250012645.250243;
359.35; 250012645.252375;
360.35; 250012645.25058;
361.36; 250012645.248981;
362.36; 250012645.2523;
363.36; 250012645.249775;
364.36; 250012645.249134;
365.36; 250012645.250539;
366.36; 250012645.246223;
367.36; 250012645.249967;
368.36; 250012645.24814;
369.36; 250012645.249988;
370.36; 250012645.248668;
371.36; 250012645.251054;
372.37; 250012645.248904;
373.37; 250012645.250295;
374.37; 250012645.249202;
375.37; 250012645.250514;
376.37; 250012645.250043;
377.37; 250012645.251473;
378.37; 250012645.250043;
379.37; 250012645.25036;
380.37; 250012645.25114;
381.37; 250012645.250511;
382.38; 250012645.250216;
383.38; 250012645.248088;
384.38; 250012645.248859;
385.38; 250012645.249499;
386.38; 250012645.250759;
387.38; 250012645.251791;
388.38; 250012645.250815;
389.38; 250012645.251217;
390.38; 250012645.251836;
391.39; 250012645.248736;
392.39; 250012645.250332;
393.39; 250012645.251873;
394.39; 250012645.248731;
395.39; 250012645.249216;
396.39; 250012645.250544;
397.39; 250012645.250846;
398.39; 250012645.248461;
399.39; 250012645.246618;
400.39; 250012645.248992;
401.39; 250012645.249224;
402.39; 250012645.24813;
403.39; 250012645.249953;
404.39; 250012645.250356;
405.39; 250012645.249092;
406.39; 250012645.249571;
407.4; 250012645.249823;
408.4; 250012645.251231;
409.4; 250012645.250456;
410.4; 250012645.248323;
411.4; 250012645.248076;
412.4; 250012645.250074;
413.4; 250012645.251549;
414.4; 250012645.248901;
415.4; 250012645.251253;
416.4; 250012645.247812;
417.4; 250012645.250412;
418.4; 250012645.250472;
419.4; 250012645.249162;
420.4; 250012645.25011;
421.4; 250012645.250391;
422.4; 250012645.251097;
423.41; 250012645.252041;
424.41; 250012645.249909;
425.41; 250012645.250572;
426.41; 250012645.251602;
427.41; 250012645.249825;
428.41; 250012645.249446;
429.41; 250012645.24978;
430.41; 250012645.24936;
431.41; 250012645.252236;
432.41; 250012645.248703;
433.41; 250012645.247548;
434.42; 250012645.249457;
435.42; 250012645.249448;
436.42; 250012645.248492;
437.42; 250012645.249837;
438.42; 250012645.248895;
439.42; 250012645.249619;
440.42; 250012645.252209;
441.42; 250012645.249823;
442.42; 250012645.251348;
443.43; 250012645.248691;
444.43; 250012645.249855;
445.43; 250012645.248216;
446.43; 250012645.251087;
447.43; 250012645.249763;
448.43; 250012645.251659;
449.43; 250012645.249257;
450.43; 250012645.249476;
451.43; 250012645.251055;
452.43; 250012645.250174;
453.43; 250012645.249578;
454.43; 250012645.250249;
455.44; 250012645.250589;
456.44; 250012645.24764;
457.44; 250012645.249368;
458.44; 250012645.248597;
459.44; 250012645.248378;
460.44; 250012645.251082;
461.44; 250012645.248593;
462.44; 250012645.251291;
463.45; 250012645.252582;
464.45; 250012645.249707;
465.45; 250012645.249084;
466.45; 250012645.248438;
467.45; 250012645.248353;
468.45; 250012645.249181;
469.45; 250012645.252138;
470.45; 250012645.250147;
471.45; 250012645.251404;
472.45; 250012645.248523;
473.46; 250012645.248312;
474.46; 250012645.250265;
475.46; 250012645.249853;
476.46; 250012645.250407;
477.46; 250012645.250398;
478.46; 250012645.250539;
479.46; 250012645.250442;
480.46; 250012645.24999;
481.46; 250012645.24806;
482.46; 250012645.249372;
483.46; 250012645.250154;
484.46; 250012645.248869;
485.47; 250012645.249743;
486.47; 250012645.249829;
487.47; 250012645.249645;
488.47; 250012645.251171;
489.47; 250012645.250515;
490.47; 250012645.251567;
491.47; 250012645.251385;
492.47; 250012645.248695;
493.48; 250012645.252582;
494.48; 250012645.249745;
495.48; 250012645.250545;
496.48; 250012645.250732;
497.48; 250012645.250129;
498.48; 250012645.250338;
499.48; 250012645.250841;
500.48; 250012645.24991;
501.48; 250012645.248514;
502.48; 250012645.25038;
503.49; 250012645.251673;
504.49; 250012645.249821;
505.49; 250012645.248948;
506.49; 250012645.249491;
507.49; 250012645.251383;
508.49; 250012645.248941;
509.49; 250012645.248854;
510.49; 250012645.250011;
511.49; 250012645.250927;
512.49; 250012645.249574;
513.49; 250012645.250252;
514.5; 250012645.249832;
515.5; 250012645.250052;
516.5; 250012645.251199;
517.5; 250012645.251106;
518.5; 250012645.250445;
519.5; 250012645.252179;
520.5; 250012645.249008;
521.5; 250012645.248913;
522.5; 250012645.250463;
523.51; 250012645.251132;
524.51; 250012645.250646;
525.51; 250012645.251004;
526.51; 250012645.250669;
527.51; 250012645.248323;
528.51; 250012645.249432;
529.51; 250012645.248433;
530.51; 250012645.250211;
531.51; 250012645.2489;
532.51; 250012645.248192;
533.51; 250012645.250034;
534.52; 250012645.24992;
535.52; 250012645.248749;
536.52; 250012645.250034;
537.52; 250012645.251097;
538.52; 250012645.249523;
539.52; 250012645.250613;
540.52; 250012645.251283;
541.52; 250012645.248147;
542.52; 250012645.248355;
543.52; 250012645.251177;
544.52; 250012645.251564;
545.53; 250012645.250267;
546.53; 250012645.249271;
547.53; 250012645.249927;
548.53; 250012645.247676;
549.53; 250012645.250152;
550.53; 250012645.251197;
551.53; 250012645.251048;
552.53; 250012645.249169;
553.53; 250012645.250025;
554.54; 250012645.250773;
555.54; 250012645.250448;
556.54; 250012645.250489;
557.54; 250012645.250666;
558.54; 250012645.250039;
559.54; 250012645.250514;
560.54; 250012645.250233;
561.54; 250012645.249757;
562.54; 250012645.250759;
563.54; 250012645.251442;
564.55; 250012645.249607;
565.55; 250012645.250799;
566.55; 250012645.2489;
567.55; 250012645.25046;
568.55; 250012645.249716;
569.55; 250012645.249641;
570.55; 250012645.251166;
571.55; 250012645.249478;
572.55; 250012645.246466;
573.55; 250012645.250548;
574.55; 250012645.24802;
575.56; 250012645.248494;
576.56; 250012645.250841;
577.56; 250012645.25046;
578.56; 250012645.249017;
579.56; 250012645.250497;
580.56; 250012645.248623;
581.56; 250012645.249731;
582.56; 250012645.248057;
583.56; 250012645.248952;
584.57; 250012645.250336;
585.57; 250012645.249309;
586.57; 250012645.249416;
587.57; 250012645.248151;
588.57; 250012645.253027;
589.57; 250012645.250243;
590.57; 250012645.2496;
591.57; 250012645.249064;
592.57; 250012645.249537;
593.57; 250012645.247457;
594.58; 250012645.249498;
595.58; 250012645.250108;
596.58; 250012645.248804;
597.58; 250012645.251515;
598.58; 250012645.250885;
599.58; 250012645.249111;
600.58; 250012645.249229;
601.58; 250012645.249129;
602.58; 250012645.248842;
603.58; 250012645.251327;
604.58; 250012645.248772;
605.59; 250012645.248747;
606.59; 250012645.249621;
607.59; 250012645.249337;
608.59; 250012645.2495;
609.59; 250012645.249642;
610.59; 250012645.248126;
611.59; 250012645.249054;
612.59; 250012645.25009;
613.59; 250012645.248961;
614.6; 250012645.252183;
615.6; 250012645.248778;
616.6; 250012645.251766;
617.6; 250012645.251665;
618.6; 250012645.249375;
619.6; 250012645.24963;
620.6; 250012645.250053;
621.6; 250012645.24951;
622.6; 250012645.249147;
623.6; 250012645.250422;
624.61; 250012645.251477;
625.61; 250012645.252233;
626.61; 250012645.249257;
627.61; 250012645.250394;
628.61; 250012645.248727;
629.61; 250012645.249904;
630.61; 250012645.2496;
631.61; 250012645.248779;
632.61; 250012645.249282;
633.61; 250012645.250445;
634.61; 250012645.250713;
635.62; 250012645.250732;
636.62; 250012645.248936;
637.62; 250012645.249975;
638.62; 250012645.248981;
639.62; 250012645.249958;
640.62; 250012645.250983;
641.62; 250012645.249799;
642.62; 250012645.25065;
643.62; 250012645.250761;
644.63; 250012645.250789;
645.63; 250012645.248334;
646.63; 250012645.25056;
647.63; 250012645.251771;
648.63; 250012645.24855;
649.63; 250012645.25045;
650.63; 250012645.249183;
651.63; 250012645.249247;
652.63; 250012645.250572;
653.63; 250012645.250062;
654.64; 250012645.250267;
655.64; 250012645.249851;
656.64; 250012645.252476;
657.64; 250012645.250508;
658.64; 250012645.252492;
659.64; 250012645.250169;
660.64; 250012645.251558;
661.64; 250012645.250763;
662.64; 250012645.250906;
663.64; 250012645.25126;
664.64; 250012645.250129;
665.65; 250012645.247396;
666.65; 250012645.250852;
667.65; 250012645.250674;
668.65; 250012645.249609;
669.65; 250012645.247829;
670.65; 250012645.251211;
671.65; 250012645.248452;
672.65; 250012645.248824;
673.65; 250012645.249038;
674.65; 250012645.249849;
675.66; 250012645.252125;
676.66; 250012645.250612;
677.66; 250012645.249645;
678.66; 250012645.250456;
679.66; 250012645.25137;
680.66; 250012645.250234;
681.66; 250012645.250876;
682.66; 250012645.249827;
683.67; 250012645.250188;
684.67; 250012645.24809;
685.67; 250012645.247621;
686.67; 250012645.249729;
687.67; 250012645.249325;
688.67; 250012645.250683;
689.67; 250012645.250092;
690.67; 250012645.251627;
691.67; 250012645.25043;
692.67; 250012645.249171;
693.67; 250012645.250767;
694.67; 250012645.249461;
695.68; 250012645.25022;
696.68; 250012645.248525;
697.68; 250012645.250377;
698.68; 250012645.248384;
699.68; 250012645.249701;
700.68; 250012645.250326;
701.68; 250012645.249291;
702.68; 250012645.248795;
703.68; 250012645.252578;
704.68; 250012645.249183;
705.69; 250012645.251944;
706.69; 250012645.250387;
707.69; 250012645.250514;
708.69; 250012645.24963;
709.69; 250012645.250729;
710.69; 250012645.250789;
711.69; 250012645.248607;
712.69; 250012645.25129;
713.69; 250012645.248526;
714.69; 250012645.250279;
715.7; 250012645.24894;
716.7; 250012645.249561;
717.7; 250012645.24979;
718.7; 250012645.250203;
719.7; 250012645.24959;
720.7; 250012645.25169;
721.7; 250012645.248481;
722.7; 250012645.249801;
723.7; 250012645.248569;
724.7; 250012645.249043;
725.71; 250012645.250269;
726.71; 250012645.251668;
727.71; 250012645.25069;
728.71; 250012645.251611;
729.71; 250012645.250782;
730.71; 250012645.248833;
731.71; 250012645.248716;
732.71; 250012645.247336;
733.71; 250012645.248841;
734.71; 250012645.250957;
735.72; 250012645.250804;
736.72; 250012645.250465;
737.72; 250012645.248969;
738.72; 250012645.250244;
739.72; 250012645.249574;
740.72; 250012645.250412;
741.72; 250012645.251092;
742.72; 250012645.249149;
743.72; 250012645.250148;
744.72; 250012645.249882;
745.73; 250012645.25028;
746.73; 250012645.248483;
747.73; 250012645.25069;
748.73; 250012645.251431;
749.73; 250012645.2493;
750.73; 250012645.249979;
751.73; 250012645.250235;
752.73; 250012645.251045;
753.73; 250012645.250077;
754.73; 250012645.248129;
755.74; 250012645.250374;
756.74; 250012645.251424;
757.74; 250012645.249597;
758.74; 250012645.250287;
759.74; 250012645.25024;
760.74; 250012645.249314;
761.74; 250012645.248954;
762.74; 250012645.249357;
763.74; 250012645.249333;
764.74; 250012645.250976;
765.75; 250012645.251289;
766.75; 250012645.248494;
767.75; 250012645.249554;
768.75; 250012645.251748;
769.75; 250012645.250332;
770.75; 250012645.250685;
771.75; 250012645.250454;
772.75; 250012645.250851;
773.75; 250012645.247861;
774.76; 250012645.250568;
775.76; 250012645.250236;
776.76; 250012645.249922;
777.76; 250012645.249537;
778.76; 250012645.248813;
779.76; 250012645.250534;
780.76; 250012645.250393;
781.76; 250012645.249428;
782.76; 250012645.249632;
783.76; 250012645.250138;
784.76; 250012645.248587;
785.77; 250012645.24899;
786.77; 250012645.251127;
787.77; 250012645.250224;
788.77; 250012645.250722;
789.77; 250012645.248531;
790.77; 250012645.248428;
791.77; 250012645.249308;
792.77; 250012645.247911;
793.77; 250012645.251222;
794.77; 250012645.2506;
795.77; 250012645.249902;
796.78; 250012645.248688;
797.78; 250012645.251428;
798.78; 250012645.249298;
799.78; 250012645.248655;
800.78; 250012645.247854;
801.78; 250012645.250059;
802.78; 250012645.250094;
803.78; 250012645.2495;
804.78; 250012645.251405;
805.79; 250012645.24873;
806.79; 250012645.248981;
807.79; 250012645.249439;
808.79; 250012645.248975;
809.79; 250012645.250285;
810.79; 250012645.251171;
811.79; 250012645.251042;
812.79; 250012645.251067;
813.79; 250012645.25056;
814.79; 250012645.250638;
815.8; 250012645.249928;
816.8; 250012645.250524;
817.8; 250012645.250229;
818.8; 250012645.250617;
819.8; 250012645.251896;
820.8; 250012645.250254;
821.8; 250012645.247972;
822.8; 250012645.250199;
823.8; 250012645.249723;
824.8; 250012645.248865;
825.8; 250012645.250341;
826.81; 250012645.24979;
827.81; 250012645.250087;
828.81; 250012645.250576;
829.81; 250012645.251311;
830.81; 250012645.251042;
831.81; 250012645.249381;
832.81; 250012645.250732;
833.81; 250012645.250437;
834.81; 250012645.250731;
835.82; 250012645.250474;
836.82; 250012645.249424;
837.82; 250012645.249561;
838.82; 250012645.24835;
839.82; 250012645.249579;
840.82; 250012645.250046;
841.82; 250012645.25017;
842.82; 250012645.250048;
843.82; 250012645.24938;
844.82; 250012645.251869;
845.83; 250012645.249164;
846.83; 250012645.248558;
847.83; 250012645.249977;
848.83; 250012645.24987;
849.83; 250012645.248774;
850.83; 250012645.248338;
851.83; 250012645.250581;
852.83; 250012645.249383;
853.83; 250012645.250073;
854.83; 250012645.248554;
855.83; 250012645.24917;
856.84; 250012645.247898;
857.84; 250012645.249993;
858.84; 250012645.25028;
859.84; 250012645.250908;
860.84; 250012645.25095;
861.84; 250012645.248691;
862.84; 250012645.248675;
863.84; 250012645.248623;
864.84; 250012645.25182;
865.85; 250012645.251184;
866.85; 250012645.25008;
867.85; 250012645.246578;
868.85; 250012645.251173;
869.85; 250012645.250146;
870.85; 250012645.250291;
871.85; 250012645.249278;
872.85; 250012645.250095;
873.85; 250012645.249891;
874.85; 250012645.250627;
875.86; 250012645.248794;
876.86; 250012645.25114;
877.86; 250012645.249651;
878.86; 250012645.249291;
879.86; 250012645.24818;
880.86; 250012645.250459;
881.86; 250012645.247363;
882.86; 250012645.248825;
883.86; 250012645.250395;
884.86; 250012645.250495;
885.86; 250012645.251125;
886.86; 250012645.250531;
887.87; 250012645.248262;
888.87; 250012645.2509;
889.87; 250012645.24986;
890.87; 250012645.250761;
891.87; 250012645.250194;
892.87; 250012645.250304;
893.87; 250012645.24913;
894.87; 250012645.250723;
895.88; 250012645.24989;
896.88; 250012645.250693;
897.88; 250012645.249888;
898.88; 250012645.250336;
899.88; 250012645.249423;
900.88; 250012645.250714;
901.88; 250012645.248687;
902.88; 250012645.24952;
903.88; 250012645.250079;
904.88; 250012645.249137;
905.89; 250012645.249754;
906.89; 250012645.249478;
907.89; 250012645.249803;
908.89; 250012645.250649;
909.89; 250012645.249167;
910.89; 250012645.24931;
911.89; 250012645.250045;
912.89; 250012645.249393;
913.89; 250012645.251567;
914.89; 250012645.247846;
915.89; 250012645.248732;
916.9; 250012645.250847;
917.9; 250012645.250068;
918.9; 250012645.250863;
919.9; 250012645.24927;
920.9; 250012645.250738;
921.9; 250012645.250934;
922.9; 250012645.248588;
923.9; 250012645.25074;
924.9; 250012645.248295;
925.9; 250012645.250064;
926.91; 250012645.250783;
927.91; 250012645.249348;
928.91; 250012645.251072;
929.91; 250012645.248957;
930.91; 250012645.249326;
931.91; 250012645.249399;
932.91; 250012645.249974;
933.91; 250012645.249154;
934.91; 250012645.250672;
935.92; 250012645.251565;
936.92; 250012645.249006;
937.92; 250012645.251366;
938.92; 250012645.249852;
939.92; 250012645.24891;
940.92; 250012645.25164;
941.92; 250012645.249893;
942.92; 250012645.250146;
943.92; 250012645.249829;
944.92; 250012645.249276;
945.92; 250012645.24763;
946.92; 250012645.250325;
947.93; 250012645.250504;
948.93; 250012645.250845;
949.93; 250012645.249221;
950.93; 250012645.250666;
951.93; 250012645.251082;
952.93; 250012645.25003;
953.93; 250012645.24977;
954.93; 250012645.249866;
955.93; 250012645.250525;
956.93; 250012645.248951;
957.94; 250012645.251776;
958.94; 250012645.250515;
959.94; 250012645.251958;
960.94; 250012645.249173;
961.94; 250012645.250208;
962.94; 250012645.251465;
963.94; 250012645.249353;
964.94; 250012645.250475;
965.95; 250012645.249969;
966.95; 250012645.250625;
967.95; 250012645.251425;
968.95; 250012645.250499;
969.95; 250012645.250004;
970.95; 250012645.251852;
971.95; 250012645.251083;
972.95; 250012645.250713;
973.95; 250012645.249145;
974.95; 250012645.251499;
975.95; 250012645.2503;
976.95; 250012645.250288;
977.96; 250012645.249329;
978.96; 250012645.249579;
979.96; 250012645.250672;
980.96; 250012645.252257;
981.96; 250012645.249949;
982.96; 250012645.250638;
983.96; 250012645.250617;
984.96; 250012645.249671;
985.96; 250012645.248328;
986.96; 250012645.249317;
987.97; 250012645.251925;
988.97; 250012645.250448;
989.97; 250012645.249279;
990.97; 250012645.249635;
991.97; 250012645.249995;
992.97; 250012645.249378;
993.97; 250012645.251873;
994.97; 250012645.249391;
995.97; 250012645.249014;
996.97; 250012645.249344;
997.97; 250012645.251758;
998.97; 250012645.250523;
999.97; 250012645.248527;
1000.97; 250012645.248581;
1001.97; 250012645.250223;
1002.97; 250012645.252378;
1003.98; 250012645.248691;
1004.98; 250012645.249666;
1005.98; 250012645.249126;
1006.98; 250012645.250148;
1007.98; 250012645.250308;
1008.98; 250012645.251188;
1009.98; 250012645.248727;
1010.98; 250012645.248739;
1011.98; 250012645.249021;
1012.98; 250012645.249775;
1013.98; 250012645.251532;
1014.98; 250012645.250402;
1015.98; 250012645.250502;
1016.98; 250012645.249883;
1017.98; 250012645.249381;
1018.99; 250012645.250744;
1019.99; 250012645.250226;
1020.99; 250012645.25014;
1021.99; 250012645.250596;
1022.99; 250012645.249897;
1023.99; 250012645.249715;
1024.99; 250012645.249464;
1025.99; 250012645.250113;
1026.99; 250012645.250363;
1027.99; 250012645.249705;
1028.99; 250012645.249554;
1030; 250012645.249177;
1031; 250012645.251837;
1032; 250012645.248318;
1033; 250012645.249278;
1034; 250012645.250452;
1035; 250012645.24998;
1036; 250012645.249112;
1037; 250012645.248341;
1038; 250012645.249982;
1039; 250012645.25027;
1040.01; 250012645.25158;
1041.01; 250012645.250086;
1042.01; 250012645.250032;
1043.01; 250012645.251104;
1044.01; 250012645.253081;
1045.01; 250012645.2507;
1046.01; 250012645.251752;
1047.01; 250012645.248295;
1048.01; 250012645.249786;
1049.02; 250012645.249873;
1050.02; 250012645.250233;
1051.02; 250012645.249986;
1052.02; 250012645.251166;
1053.02; 250012645.251043;
1054.02; 250012645.250579;
1055.02; 250012645.250202;
1056.02; 250012645.249966;
1057.02; 250012645.250494;
1058.02; 250012645.25198;
1059.02; 250012645.252219;
1060.02; 250012645.24967;
1061.03; 250012645.250463;
1062.03; 250012645.249469;
1063.03; 250012645.250352;
1064.03; 250012645.251962;
1065.03; 250012645.249751;
1066.03; 250012645.250771;
1067.03; 250012645.250425;
1068.03; 250012645.24937;
1069.04; 250012645.249742;
1070.04; 250012645.249494;
1071.04; 250012645.250625;
1072.04; 250012645.24922;
1073.04; 250012645.251237;
1074.04; 250012645.248841;
1075.04; 250012645.251037;
1076.04; 250012645.24987;
1077.04; 250012645.249868;
1078.04; 250012645.251042;
1079.05; 250012645.250662;
1080.05; 250012645.24938;
1081.05; 250012645.249972;
1082.05; 250012645.250801;
1083.05; 250012645.250731;
1084.05; 250012645.249696;
1085.05; 250012645.248991;
1086.05; 250012645.249211;
1087.05; 250012645.250349;
1088.05; 250012645.247574;
1089.05; 250012645.251044;
1090.05; 250012645.250807;
1091.06; 250012645.250882;
1092.06; 250012645.250703;
1093.06; 250012645.250224;
1094.06; 250012645.250174;
1095.06; 250012645.250213;
1096.06; 250012645.25051;
1097.06; 250012645.249507;
1098.06; 250012645.248798;
1099.07; 250012645.250078;
1100.07; 250012645.249417;
1101.07; 250012645.249746;
1102.07; 250012645.250596;
1103.07; 250012645.249178;
1104.07; 250012645.248323;
1105.07; 250012645.24959;
1106.07; 250012645.247646;
1107.07; 250012645.250596;
1108.07; 250012645.25087;
1109.08; 250012645.249377;
1110.08; 250012645.24985;
1111.08; 250012645.250051;
1112.08; 250012645.250365;
1113.08; 250012645.250561;
1114.08; 250012645.251114;
1115.08; 250012645.249104;
1116.08; 250012645.25155;
1117.08; 250012645.249415;
1118.08; 250012645.249133;
1119.08; 250012645.249508;
1120.08; 250012645.248877;
1121.09; 250012645.251538;
1122.09; 250012645.249975;
1123.09; 250012645.2504;
1124.09; 250012645.249038;
1125.09; 250012645.247182;
1126.09; 250012645.251092;
1127.09; 250012645.249457;
1128.09; 250012645.250471;
1129.09; 250012645.250543;
1130.1; 250012645.250346;
1131.1; 250012645.248442;
1132.1; 250012645.251273;
1133.1; 250012645.25033;
1134.1; 250012645.251033;
1135.1; 250012645.250182;
1136.1; 250012645.249289;
1137.1; 250012645.249162;
1138.1; 250012645.250169;
1139.11; 250012645.250466;
1140.11; 250012645.251354;
1141.11; 250012645.252322;
1142.11; 250012645.250259;
1143.11; 250012645.250855;
1144.11; 250012645.249949;
1145.11; 250012645.249779;
1146.11; 250012645.248865;
1147.11; 250012645.251141;
1148.11; 250012645.250094;
1149.11; 250012645.249684;
1150.11; 250012645.250443;
1151.12; 250012645.250596;
1152.12; 250012645.248908;
1153.12; 250012645.250134;
1154.12; 250012645.249699;
1155.12; 250012645.24963;
1156.12; 250012645.247457;
1157.12; 250012645.248887;
1158.12; 250012645.249847;
1159.13; 250012645.251513;
1160.13; 250012645.25023;
1161.13; 250012645.250497;
1162.13; 250012645.248793;
1163.13; 250012645.25032;
1164.13; 250012645.250846;
1165.13; 250012645.251251;
1166.13; 250012645.249942;
1167.13; 250012645.250225;
1168.13; 250012645.250167;
1169.13; 250012645.250351;
1170.14; 250012645.251748;
1171.14; 250012645.251794;
1172.14; 250012645.249015;
1173.14; 250012645.250548;
1174.14; 250012645.249341;
1175.14; 250012645.251209;
1176.14; 250012645.248457;
1177.14; 250012645.24929;
1178.14; 250012645.249718;
1179.14; 250012645.250407;
1180.14; 250012645.249975;
1181.15; 250012645.25141;
1182.15; 250012645.251299;
1183.15; 250012645.248332;
1184.15; 250012645.250345;
1185.15; 250012645.249083;
1186.15; 250012645.249823;
1187.15; 250012645.249045;
1188.15; 250012645.250665;
1189.15; 250012645.248972;
1190.15; 250012645.251298;
1191.16; 250012645.249925;
1192.16; 250012645.251001;
1193.16; 250012645.249716;
1194.16; 250012645.249883;
1195.16; 250012645.249674;
1196.16; 250012645.250685;
1197.16; 250012645.249617;
1198.16; 250012645.248311;
1199.16; 250012645.250083;
1200.17; 250012645.250112;
1201.17; 250012645.249633;
1202.17; 250012645.250415;
1203.17; 250012645.250053;
1204.17; 250012645.250007;
1205.17; 250012645.247653;
1206.17; 250012645.249672;
1207.17; 250012645.250303;
1208.17; 250012645.251071;
1209.17; 250012645.250703;
1210.17; 250012645.250311;
1211.18; 250012645.249636;
1212.18; 250012645.249925;
1213.18; 250012645.2483;
1214.18; 250012645.248449;
1215.18; 250012645.250511;
1216.18; 250012645.251387;
1217.18; 250012645.249807;
1218.18; 250012645.250186;
1219.18; 250012645.250397;
1220.19; 250012645.2499;
1221.19; 250012645.248431;
1222.19; 250012645.250244;
1223.19; 250012645.251316;
1224.19; 250012645.249796;
1225.19; 250012645.250438;
1226.19; 250012645.250985;
1227.19; 250012645.248436;
1228.19; 250012645.250388;
1229.19; 250012645.248447;
1230.2; 250012645.247584;
1231.2; 250012645.249126;
1232.2; 250012645.250965;
1233.2; 250012645.251626;
1234.2; 250012645.250265;
1235.2; 250012645.249768;
1236.2; 250012645.249108;
1237.2; 250012645.251119;
1238.2; 250012645.249489;
1239.2; 250012645.249307;
1240.2; 250012645.249813;
1241.21; 250012645.24964;
1242.21; 250012645.248615;
1243.21; 250012645.251011;
1244.21; 250012645.24946;
1245.21; 250012645.249808;
1246.21; 250012645.24952;
1247.21; 250012645.251579;
1248.21; 250012645.249266;
1249.21; 250012645.248911;
1250.22; 250012645.250536;
1251.22; 250012645.249144;
1252.22; 250012645.250156;
1253.22; 250012645.251541;
1254.22; 250012645.24908;
1255.22; 250012645.250786;
1256.22; 250012645.250986;
1257.22; 250012645.24991;
1258.22; 250012645.250387;
1259.22; 250012645.250504;
1260.23; 250012645.251772;
1261.23; 250012645.25102;
1262.23; 250012645.249495;
1263.23; 250012645.250188;
1264.23; 250012645.250363;
1265.23; 250012645.249147;
1266.23; 250012645.251024;
1267.23; 250012645.250057;
1268.23; 250012645.24927;
1269.23; 250012645.248558;
1270.23; 250012645.25053;
1271.24; 250012645.250676;
1272.24; 250012645.249282;
1273.24; 250012645.251063;
1274.24; 250012645.249335;
1275.24; 250012645.250824;
1276.24; 250012645.249264;
1277.24; 250012645.248203;
1278.24; 250012645.252177;
1279.24; 250012645.251093;
1280.25; 250012645.250336;
1281.25; 250012645.249378;
1282.25; 250012645.250335;
1283.25; 250012645.247309;
1284.25; 250012645.247461;
1285.25; 250012645.250517;
1286.25; 250012645.252359;
1287.25; 250012645.249768;
1288.25; 250012645.249918;
1289.25; 250012645.250891;
1290.26; 250012645.248852;
1291.26; 250012645.250657;
1292.26; 250012645.247856;
1293.26; 250012645.249882;
1294.26; 250012645.2509;
1295.26; 250012645.249699;
1296.26; 250012645.248991;
1297.26; 250012645.248867;
1298.26; 250012645.24938;
1299.26; 250012645.249442;
1300.26; 250012645.250188;
1301.27; 250012645.250244;
1302.27; 250012645.248722;
1303.27; 250012645.249928;
1304.27; 250012645.249831;
1305.27; 250012645.250312;
1306.27; 250012645.249128;
1307.27; 250012645.249582;
1308.27; 250012645.250129;
1309.27; 250012645.249729;
1310.27; 250012645.24774;
1311.28; 250012645.251372;
1312.28; 250012645.24954;
1313.28; 250012645.249991;
1314.28; 250012645.248523;
1315.28; 250012645.249669;
1316.28; 250012645.249629;
1317.28; 250012645.24899;
1318.28; 250012645.251582;
1319.29; 250012645.248671;
1320.29; 250012645.249439;
1321.29; 250012645.251344;
1322.29; 250012645.249747;
1323.29; 250012645.248779;
1324.29; 250012645.250836;
1325.29; 250012645.248456;
1326.29; 250012645.251441;
1327.29; 250012645.252137;
1328.29; 250012645.250033;
1329.29; 250012645.250161;
1330.29; 250012645.250274;
1331.3; 250012645.252037;
1332.3; 250012645.24871;
1333.3; 250012645.250825;
1334.3; 250012645.249632;
1335.3; 250012645.248263;
1336.3; 250012645.249434;
1337.3; 250012645.251008;
1338.3; 250012645.249788;
1339.3; 250012645.249511;
1340.3; 250012645.249763;
1341.31; 250012645.250794;
1342.31; 250012645.249262;
1343.31; 250012645.248713;
1344.31; 250012645.248758;
1345.31; 250012645.248394;
1346.31; 250012645.251713;
1347.31; 250012645.251039;
1348.31; 250012645.249082;
1349.31; 250012645.250514;
1350.31; 250012645.248801;
1351.32; 250012645.250297;
1352.32; 250012645.249682;
1353.32; 250012645.250814;
1354.32; 250012645.249651;
1355.32; 250012645.248047;
1356.32; 250012645.249915;
1357.32; 250012645.249392;
1358.32; 250012645.250064;
1359.32; 250012645.249534;
1360.32; 250012645.250058;
1361.33; 250012645.25109;
1362.33; 250012645.250014;
1363.33; 250012645.247865;
1364.33; 250012645.247586;
1365.33; 250012645.249864;
1366.33; 250012645.251509;
1367.33; 250012645.250571;
1368.33; 250012645.250075;
1369.33; 250012645.250223;
1370.33; 250012645.249278;
1371.34; 250012645.250785;
1372.34; 250012645.249194;
1373.34; 250012645.250494;
1374.34; 250012645.250901;
1375.34; 250012645.24996;
1376.34; 250012645.24956;
1377.34; 250012645.25009;
1378.34; 250012645.251806;
1379.34; 250012645.251334;
1380.34; 250012645.250623;
1381.35; 250012645.2517;
1382.35; 250012645.250594;
1383.35; 250012645.250572;
1384.35; 250012645.247692;
1385.35; 250012645.249735;
1386.35; 250012645.251128;
1387.35; 250012645.24962;
1388.35; 250012645.248213;
1389.35; 250012645.249458;
1390.35; 250012645.249053;
1391.36; 250012645.251161;
1392.36; 250012645.250213;
1393.36; 250012645.247822;
1394.36; 250012645.250913;
1395.36; 250012645.25014;
1396.36; 250012645.252123;
1397.36; 250012645.252382;
1398.36; 250012645.249542;
1399.36; 250012645.249544;
1400.36; 250012645.249784;
1401.37; 250012645.249504;
1402.37; 250012645.250715;
1403.37; 250012645.250755;
1404.37; 250012645.248368;
1405.37; 250012645.251339;
1406.37; 250012645.251866;
1407.37; 250012645.248906;
1408.37; 250012645.250795;
1409.37; 250012645.251794;
1410.38; 250012645.249302;
1411.38; 250012645.250707;
1412.38; 250012645.25007;
1413.38; 250012645.250001;
1414.38; 250012645.250218;
1415.38; 250012645.249692;
1416.38; 250012645.251624;
1417.38; 250012645.249895;
1418.38; 250012645.251142;
1419.38; 250012645.251454;
1420.38; 250012645.250155;
1421.39; 250012645.247968;
1422.39; 250012645.250675;
1423.39; 250012645.249118;
1424.39; 250012645.250459;
1425.39; 250012645.251446;
1426.39; 250012645.252411;
1427.39; 250012645.250002;
1428.39; 250012645.2489;
1429.39; 250012645.251909;
1430.39; 250012645.249594;
1431.39; 250012645.252148;
1432.4; 250012645.249439;
1433.4; 250012645.249165;
1434.4; 250012645.250279;
1435.4; 250012645.251123;
1436.4; 250012645.249835;
1437.4; 250012645.249626;
1438.4; 250012645.249372;
1439.4; 250012645.248806;
1440.41; 250012645.249709;
1441.41; 250012645.251719;
1442.41; 250012645.249085;
1443.41; 250012645.249319;
1444.41; 250012645.250883;
1445.41; 250012645.250691;
1446.41; 250012645.250651;
1447.41; 250012645.250114;
1448.41; 250012645.249204;
1449.41; 250012645.250251;
1450.41; 250012645.25052;
1451.42; 250012645.251715;
1452.42; 250012645.249555;
1453.42; 250012645.250439;
1454.42; 250012645.24987;
1455.42; 250012645.251235;
1456.42; 250012645.250152;
1457.42; 250012645.249467;
1458.42; 250012645.249883;
1459.42; 250012645.248902;
1460.42; 250012645.249627;
1461.42; 250012645.250796;
1462.43; 250012645.250254;
1463.43; 250012645.250493;
1464.43; 250012645.247999;
1465.43; 250012645.248504;
1466.43; 250012645.247487;
1467.43; 250012645.249668;
1468.43; 250012645.249705;
1469.43; 250012645.250078;
1470.43; 250012645.251068;
1471.44; 250012645.249606;
1472.44; 250012645.251683;
1473.44; 250012645.250046;
1474.44; 250012645.249669;
1475.44; 250012645.24994;
1476.44; 250012645.251265;
1477.44; 250012645.250464;
1478.44; 250012645.250053;
1479.44; 250012645.249021;
1480.44; 250012645.250304;
1481.45; 250012645.250678;
1482.45; 250012645.250851;
1483.45; 250012645.251388;
1484.45; 250012645.249381;
1485.45; 250012645.251502;
1486.45; 250012645.250353;
1487.45; 250012645.250613;
1488.45; 250012645.250158;
1489.45; 250012645.248931;
1490.45; 250012645.24964;
1491.45; 250012645.251018;
1492.46; 250012645.249549;
1493.46; 250012645.249854;
1494.46; 250012645.250356;
1495.46; 250012645.249648;
1496.46; 250012645.250688;
1497.46; 250012645.250419;
1498.46; 250012645.251186;
1499.46; 250012645.247198;
1500.46; 250012645.250285;
1501.47; 250012645.249847;
1502.47; 250012645.2501;
1503.47; 250012645.248808;
1504.47; 250012645.250635;
1505.47; 250012645.250363;
1506.47; 250012645.250866;
1507.47; 250012645.249384;
1508.47; 250012645.249454;
1509.47; 250012645.249339;
1510.47; 250012645.250638;
1511.48; 250012645.248795;
1512.48; 250012645.250342;
1513.48; 250012645.24953;
1514.48; 250012645.25047;
1515.48; 250012645.250826;
1516.48; 250012645.250523;
1517.48; 250012645.248491;
1518.48; 250012645.250405;
1519.48; 250012645.248991;
1520.48; 250012645.250027;
1521.48; 250012645.251439;
1522.49; 250012645.249397;
1523.49; 250012645.249651;
1524.49; 250012645.249201;
1525.49; 250012645.247975;
1526.49; 250012645.25037;
1527.49; 250012645.249589;
1528.49; 250012645.249469;
1529.49; 250012645.249644;
1530.49; 250012645.251118;
1531.5; 250012645.250125;
1532.5; 250012645.251638;
1533.5; 250012645.24886;
1534.5; 250012645.250305;
1535.5; 250012645.250311;
1536.5; 250012645.250316;
1537.5; 250012645.249064;
1538.5; 250012645.250135;
1539.5; 250012645.248789;
1540.5; 250012645.248922;
1541.51; 250012645.248804;
1542.51; 250012645.251972;
1543.51; 250012645.250143;
1544.51; 250012645.248888;
1545.51; 250012645.249284;
1546.51; 250012645.252747;
1547.51; 250012645.249932;
1548.51; 250012645.250251;
1549.51; 250012645.248765;
1550.51; 250012645.251871;
1551.51; 250012645.249967;
1552.51; 250012645.249391;
1553.52; 250012645.250948;
1554.52; 250012645.249394;
1555.52; 250012645.250584;
1556.52; 250012645.251259;
1557.52; 250012645.248955;
1558.52; 250012645.250376;
1559.52; 250012645.24711;
1560.52; 250012645.249611;
1561.52; 250012645.251707;
1562.53; 250012645.252196;
1563.53; 250012645.249447;
1564.53; 250012645.251827;
1565.53; 250012645.250123;
1566.53; 250012645.250367;
1567.53; 250012645.250032;
1568.53; 250012645.251424;
1569.53; 250012645.250624;
1570.53; 250012645.249066;
1571.54; 250012645.251001;
1572.54; 250012645.250007;
1573.54; 250012645.248712;
1574.54; 250012645.250683;
1575.54; 250012645.252013;
1576.54; 250012645.250407;
1577.54; 250012645.249962;
1578.54; 250012645.249434;
1579.54; 250012645.249648;
1580.54; 250012645.250405;
1581.54; 250012645.249707;
1582.54; 250012645.249263;
1583.55; 250012645.250042;
1584.55; 250012645.25095;
1585.55; 250012645.248923;
1586.55; 250012645.248355;
1587.55; 250012645.250638;
1588.55; 250012645.250774;
1589.55; 250012645.251312;
1590.55; 250012645.251052;
1591.55; 250012645.251707;
1592.55; 250012645.249518;
1593.56; 250012645.249797;
1594.56; 250012645.248601;
1595.56; 250012645.25048;
1596.56; 250012645.250573;
1597.56; 250012645.250494;
1598.56; 250012645.248968;
1599.56; 250012645.251415;
1600.56; 250012645.247837;
1601.56; 250012645.24968;
1602.57; 250012645.250725;
1603.57; 250012645.250531;
1604.57; 250012645.250785;
1605.57; 250012645.249228;
1606.57; 250012645.25041;
1607.57; 250012645.249881;
1608.57; 250012645.251178;
1609.57; 250012645.250041;
1610.57; 250012645.250351;
1611.57; 250012645.24957;
1612.57; 250012645.248205;
1613.58; 250012645.251116;
1614.58; 250012645.248643;
1615.58; 250012645.249573;
1616.58; 250012645.250487;
1617.58; 250012645.252894;
1618.58; 250012645.250203;
1619.58; 250012645.250807;
1620.58; 250012645.249991;
1621.58; 250012645.248612;
1622.58; 250012645.248345;
1623.59; 250012645.252873;
1624.59; 250012645.251166;
1625.59; 250012645.250776;
1626.59; 250012645.250305;
1627.59; 250012645.250776;
1628.59; 250012645.250263;
1629.59; 250012645.250884;
1630.59; 250012645.25177;
1631.6; 250012645.250836;
1632.6; 250012645.248894;
1633.6; 250012645.248393;
1634.6; 250012645.248934;
1635.6; 250012645.250553;
1636.6; 250012645.250561;
1637.6; 250012645.249082;
1638.6; 250012645.250001;
1639.6; 250012645.250202;
1640.6; 250012645.248328;
1641.6; 250012645.250239;
1642.6; 250012645.249552;
1643.61; 250012645.25137;
1644.61; 250012645.249066;
1645.61; 250012645.248958;
1646.61; 250012645.24969;
1647.61; 250012645.249379;
1648.61; 250012645.252756;
1649.61; 250012645.250583;
1650.62; 250012645.251887;
1651.62; 250012645.249714;
1652.62; 250012645.248986;
1653.62; 250012645.250018;
1654.62; 250012645.248217;
1655.62; 250012645.252777;
1656.62; 250012645.249886;
1657.62; 250012645.248562;
1658.62; 250012645.249113;
1659.62; 250012645.25022;
1660.62; 250012645.248066;
1661.63; 250012645.250231;
1662.63; 250012645.24836;
1663.63; 250012645.249171;
1664.63; 250012645.250672;
1665.63; 250012645.251626;
1666.63; 250012645.251104;
1667.63; 250012645.249749;
1668.63; 250012645.250961;
1669.63; 250012645.24897;
1670.63; 250012645.248803;
1671.63; 250012645.249358;
1672.64; 250012645.249007;
1673.64; 250012645.250614;
1674.64; 250012645.25009;
1675.64; 250012645.248708;
1676.64; 250012645.25048;
1677.64; 250012645.248956;
1678.64; 250012645.24994;
1679.64; 250012645.251195;
1680.64; 250012645.249736;
1681.65; 250012645.251302;
1682.65; 250012645.248433;
1683.65; 250012645.249103;
1684.65; 250012645.251553;
1685.65; 250012645.251055;
1686.65; 250012645.250714;
1687.65; 250012645.249962;
1688.65; 250012645.24897;
1689.65; 250012645.25221;
1690.65; 250012645.248218;
1691.66; 250012645.248754;
1692.66; 250012645.249407;
1693.66; 250012645.249785;
1694.66; 250012645.25008;
1695.66; 250012645.248278;
1696.66; 250012645.250642;
1697.66; 250012645.247537;
1698.66; 250012645.24904;
1699.66; 250012645.251148;
1700.66; 250012645.250618;
1701.66; 250012645.251195;
1702.66; 250012645.249987;
1703.67; 250012645.250962;
1704.67; 250012645.248158;
1705.67; 250012645.249707;
1706.67; 250012645.250346;
1707.67; 250012645.252778;
1708.67; 250012645.249947;
1709.67; 250012645.248872;
1710.67; 250012645.249683;
1711.68; 250012645.251497;
1712.68; 250012645.250792;
1713.68; 250012645.25325;
1714.68; 250012645.252633;
1715.68; 250012645.25149;
1716.68; 250012645.249415;
1717.68; 250012645.251883;
1718.68; 250012645.249597;
1719.68; 250012645.250383;
1720.68; 250012645.250443;
1721.69; 250012645.24792;
1722.69; 250012645.2496;
1723.69; 250012645.248002;
1724.69; 250012645.248733;
1725.69; 250012645.249645;
1726.69; 250012645.25092;
1727.69; 250012645.250938;
1728.69; 250012645.251692;
1729.69; 250012645.249724;
1730.69; 250012645.251763;
1731.69; 250012645.251615;
1732.7; 250012645.251372;
1733.7; 250012645.249063;
1734.7; 250012645.250057;
1735.7; 250012645.250178;
1736.7; 250012645.251712;
1737.7; 250012645.249546;
1738.7; 250012645.248514;
1739.7; 250012645.249791;
1740.7; 250012645.246896;
1741.71; 250012645.248616;
1742.71; 250012645.250112;
1743.71; 250012645.249921;
1744.71; 250012645.24914;
1745.71; 250012645.249676;
1746.71; 250012645.250578;
1747.71; 250012645.251035;
1748.71; 250012645.250035;
1749.71; 250012645.250269;
1750.71; 250012645.250408;
1751.72; 250012645.249054;
1752.72; 250012645.248773;
1753.72; 250012645.252532;
1754.72; 250012645.249965;
1755.72; 250012645.248918;
1756.72; 250012645.249015;
1757.72; 250012645.250665;
1758.72; 250012645.250003;
1759.72; 250012645.248835;
1760.72; 250012645.248065;
1761.72; 250012645.249566;
1762.72; 250012645.250702;
1763.73; 250012645.250047;
1764.73; 250012645.248488;
1765.73; 250012645.249757;
1766.73; 250012645.249259;
1767.73; 250012645.251786;
1768.73; 250012645.250504;
1769.73; 250012645.250503;
1770.73; 250012645.251234;
1771.74; 250012645.2502;
1772.74; 250012645.249949;
1773.74; 250012645.249026;
1774.74; 250012645.247391;
1775.74; 250012645.249252;
1776.74; 250012645.250874;
1777.74; 250012645.249353;
1778.74; 250012645.250868;
1779.74; 250012645.251304;
1780.74; 250012645.248079;
1781.74; 250012645.249563;
1782.75; 250012645.249823;
1783.75; 250012645.251714;
1784.75; 250012645.250222;
1785.75; 250012645.250388;
1786.75; 250012645.251084;
1787.75; 250012645.252191;
1788.75; 250012645.249111;
1789.75; 250012645.249806;
1790.75; 250012645.250432;
1791.75; 250012645.250847;
1792.75; 250012645.248522;
1793.76; 250012645.249681;
1794.76; 250012645.250096;
1795.76; 250012645.248794;
1796.76; 250012645.250632;
1797.76; 250012645.248172;
1798.76; 250012645.250189;
1799.76; 250012645.24797;
1800.76; 250012645.251144;
