#Menlo Systems GmbH 2009 - Comb Watch v0.9.6
#Measurement from 17.5.2021.
#Begin of the measurement: 13:14:33, 47673 sec after midnight.
#Add 807963273 to get the time since 0:00 of 10th Oct. 1995 = MJD 50000 in seconds.
#
#C0:	timestamp
#C1:	reprate.freq	The actual repetition rate of the comb (calculated from counter0)	Hz
#C2:	offset.freq	Offset beat frequency (see counter1)	Hz	20000000	10
#
#S0:	4
#Statistics settings
#S1:	250010578	0.005
#S2:	20000000	10
#
#timestamp	#reprate.freq	#offset.freq
0	250010578.0005	20852319.45
0.998401880264282	250010578.00025	20852052.64
1.99680280685425	250010577.9995	20480948.98
3.0108048915863	250010577.9995	20427057.353
4.00920701026917	250010578.00075	20713233.706
5.00760889053345	250010577.99975	20743363.758
6.00600981712341	250010578	20726125.286
7.00441193580627	250010577.99925	20719772.754
8.00281381607056	250010578.001	20682986.251
9.00121593475342	250010578.0005	20580925.045
9.99961686134338	250010577.99925	20485821.901
10.9980189800262	250010577.99975	20422607.044
11.9964208602905	250010578.00025	20373770.981
13.0104229450226	250010577.9995	20372544.853
14.0088238716125	250010578.00075	20398746.085
15.0072259902954	250010578	20373327.024
16.0056278705597	250010578	20420924.976
17.0040299892426	250010577.99975	20361493.994
18.0024309158325	250010578	20395359
19.0008327960968	250010578.00025	20421563.861
19.9992349147797	250010577.9995	20410894.188
20.9976367950439	250010578.0005	20359959.87
22.0116379261017	250010577.999	20382454.243
23.010039806366	250010578.001	20371685.799
24.0084419250488	250010578	20434481.0860001
25.0068438053131	250010577.9995	20378722.041
26.0052449703217	250010578.00025	20419426.005
27.0036468505859	250010577.99975	20387967.0089999
28.0020489692688	250010577.99975	20351627.0880001
29.0004508495331	250010578.00025	20287339.8959999
29.998851776123	250010578.0005	20212089.9020001
30.9972538948059	250010578.0005	20161380.196
32.011255979538	250010577.99975	20143713.794
33.0096578598022	250010578.0005	20115174.135
34.0080599784851	250010577.99825	20088850.989
35.0064609050751	250010578.0005	20087442.011
36.0048627853394	250010578.0005	20084313.998
37.0032649040222	250010577.9995	20084293.9
38.0016667842865	250010578.0005	20091110.076
39.000067949295	250010578	20085996.02
39.9984698295593	250010578.00025	20139667.947
40.9968719482422	250010577.999	20255015.936
42.0108737945557	250010578.00025	20155051.0829999
43.0092749595642	250010578.0005	20153581.9640001
44.0076768398285	250010577.99975	20179298.0039999
45.0060789585114	250010578.00075	20159646.066
46.0044808387756	250010577.99925	20135256.003
47.0028820037842	250010578	20126616.798
48.0012838840485	250010578	20164602.152
48.9996860027313	250010577.99975	20137679.074
49.9980878829956	250010578.00025	20107655.916
51.0120887756348	250010578	20105491.025
52.0104908943176	250010578.0005	20076001.909
53.0088927745819	250010577.9995	20054858.088
54.0072948932648	250010578	20051097.982
55.0056958198547	250010578.00075	20040740.056
56.0040979385376	250010577.9985	20041504.919
57.0024998188019	250010578.0005	20038153.17
58.0009019374847	250010577.9995	20035322.864
58.9993028640747	250010578.0005	20045671.963
59.9977049827576	250010578.001	20054619.075
61.011706829071	250010577.999	20047268.938
62.0101089477539	250010578.00025	20051435.98
63.0085098743439	250010578.00025	20141973.074
64.0069119930267	250010577.99975	20034798.833
65.005313873291	250010578.00025	20135493.091
66.0037159919739	250010577.99925	20146517.032
67.0021169185638	250010578.0005	20171246.016
68.0005187988281	250010577.99975	20126194.02
68.998920917511	250010578	20116855.012
69.9973227977753	250010578	20087312.901
71.0113248825073	250010578.00025	20104251.049
72.0097258090973	250010578	20088960.017
73.0081279277802	250010578	20077112.964
74.0065298080444	250010577.99975	20090531.979
75.0049319267273	250010578.00025	20067065.182
76.0033328533173	250010577.99975	20042939.901
77.0017349720001	250010578.00025	20042573.0289999
78.0001368522644	250010577.99975	20025884.903
78.9985389709473	250010577.99925	20024609.0480001
80.0125398635864	250010578.00075	20023592.005
81.0109419822693	250010578.00025	20019699.987
82.0093438625336	250010577.99975	20020582.957
83.0077459812164	250010578.00025	20019497.061
84.0061469078064	250010578	20019702.9219999
85.0045487880707	250010578	20020956.1160001
86.0029509067535	250010578	20020541.919
87.0013527870178	250010577.99925	20075224.976
87.9997539520264	250010578.00025	20094640.11
88.9981558322906	250010577.99975	20050182.9449999
90.0121579170227	250010578.001	20021833.0550001
91.010559797287	250010578.00025	20026955.0009999
92.0089609622955	250010577.999	20024214.9640001
93.0073628425598	250010578.00075	20017678.0969999
94.0057649612427	250010578	20023070.955
95.004166841507	250010577.9995	20024735.993
96.0025680065155	250010578.0005	20028932.877
97.0009698867798	250010578	20051147.054
97.9993720054626	250010577.99875	20029396.974
98.9977738857269	250010578.00075	20028605.881
100.011774778366	250010578	20024427.0059999
101.010176897049	250010578	20022217.105
102.008578777313	250010578.0005	20017292.087
103.006980895996	250010577.99925	20014811.893
104.005381822586	250010578.0005	20012043.079
105.003783941269	250010578	20009524.994
106.002185821533	250010578	20009948.995
107.000587940216	250010577.9995	20009593.016
107.998988866806	250010578.0005	20008283.925
109.012990951538	250010577.99975	20011199.019
110.011392831802	250010577.99975	20009162.963
111.009794950485	250010578.00075	20008571.061
112.00819683075	250010577.99975	20010073.049
113.006597995758	250010578.00025	20010244.073
114.004999876022	250010577.9995	20011526.84
115.003401994705	250010577.99975	20017641.043
116.001803874969	250010578	20033537.977
117.000204801559	250010578.001	20064445.959
117.998606920242	250010577.999	20086264.098
119.012609004974	250010578.0005	20044247.935
120.011010885239	250010578	20021359.905
121.009411811829	250010578	20032722.104
122.007813930511	250010578.0005	20032019.001
123.006215810776	250010578	20034877.07
124.004617929459	250010577.999	20041430.993
125.003018856049	250010578.00025	20037911.902
126.001420974731	250010578.00075	20038945.051
126.999822854996	250010577.999	20028328.018
127.998224973679	250010577.99925	20034221.96
129.012225866318	250010578.00075	20031015.974
130.010627985001	250010578.0005	20027143.007
131.009029865265	250010578.00025	20024403.038
132.007431983948	250010577.99925	20022280.087
133.005832910538	250010578	20021439.8709999
134.004234790802	250010578.00075	20019722.131
135.002636909485	250010577.9995	20019344.939
136.001038789749	250010578.001	20023167.97
136.999439954758	250010577.9995	20022135.017
138.013441801071	250010577.99975	20018013.989
139.011843919754	250010578.00025	20022590.0190001
140.010245800018	250010578	20020038.97
141.008646965027	250010577.9995	20018410.053
142.007048845291	250010578.00025	20024987.944
143.005450963974	250010577.9995	20023974.938
144.003852844238	250010578.0015	20023602.1160001
145.002254009247	250010577.99875	20030767.0059999
146.000655889511	250010578	20030068.8610001
146.999058008194	250010578.00025	20025430.123
148.013059854507	250010577.99925	20024085.025
149.01146197319	250010578.001	20022499.934
150.00986289978	250010577.99975	20014014.0009999
151.008264780045	250010578	20022905.006
152.006666898727	250010578.00025	20016378.082
153.005068778992	250010577.9995	20017404.941
154.003469944	250010578.00025	20018066.965
155.001871824265	250010578.0005	20015521.056
156.000273942947	250010578.00025	20029512.9289999
156.998675823212	250010577.99925	20031061.9760001
158.012676954269	250010578	20027098.107
159.011078834534	250010578	20031205.919
160.009480953217	250010577.99925	20033966.985
161.007882833481	250010578.0005	20035852.097
162.006283998489	250010578.00025	20033795.994
163.004685878754	250010577.99975	20027497.939
164.003087997437	250010578.0005	20030876.013
165.001489877701	250010578	20019195.897
165.999890804291	250010577.9995	20017114.166
167.013892889023	250010578.00025	20012043.921
168.012295007706	250010578.00025	20010420.021
169.01069688797	250010577.9995	20013598.918
170.00909781456	250010578.00025	20012651.008
171.007499933243	250010577.99975	20014866.044
172.005901813507	250010578.00025	20014466.939
173.00430393219	250010577.9995	20019598.043
174.00270485878	250010578.0005	20027843.047
175.001106977463	250010577.99975	20014718.084
175.999508857727	250010577.99975	20019148.953
177.013510942459	250010578.00025	20020396.931
178.011911869049	250010578.00075	20017786.012
179.010313987732	250010577.99975	20020129.956
180.008715867996	250010577.999	20020934.016
181.007117986679	250010578.00125	20029265.982
182.005518913269	250010577.99975	20062909.078
183.003920793533	250010577.99975	20018196.996
184.002322912216	250010577.99975	20019868.916
185.00072479248	250010578.00025	20017572.021
185.999125957489	250010578	20023736.077
187.013127803802	250010578.00025	20018390.0109999
188.011529922485	250010577.99875	20013180.937
189.00993180275	250010578.00175	20026918.081
190.008333921432	250010577.99875	20028078.919
191.006734848022	250010578.00025	20029741.942
192.005136966705	250010578.0005	20024143.153
193.00353884697	250010577.99925	20038334.934
194.001940965652	250010578.00025	20038677.03
195.000341892242	250010578.00025	20041400.976
196.014343976974	250010578.00075	20039442.967
197.012745857239	250010577.9995	20042422.067
198.011147975922	250010578.00025	20023076.947
199.009548902512	250010577.99975	20024558.974
200.007950782776	250010578	20035205.1209999
201.006352901459	250010578.00025	20042990.9480001
202.004754781723	250010577.99925	20044417.916
203.003155946732	250010578	20042102.089
204.001557826996	250010578	20046772.02
204.999959945679	250010578.00025	20038007.977
206.013961791992	250010578	20041731.975
207.012362957001	250010577.99975	20039610.9859999
208.010764837265	250010578.0005	20039560.039
209.009166955948	250010578	20038745.839
210.007568836212	250010578	20047490.219
211.005970001221	250010577.9995	20041784.805
212.004371881485	250010578.001	20039781.138
213.002774000168	250010577.99975	20050995.88
214.001175880432	250010578	20050199.084
214.999576807022	250010577.999	20046278.99
216.013578891754	250010578.00075	20046858.089
217.011981010437	250010577.99975	20046588.931
218.010382890701	250010578	20054022.062
219.008783817291	250010578.001	20054208.919
220.007185935974	250010577.999	20064945.92
221.005587816238	250010578.00025	20077010.108
222.003989934921	250010577.99925	20154639.044
223.002390861511	250010578.00025	20255518.977
224.000792980194	250010578	20219037.929
224.999194860458	250010578.0005	20112067.038
226.01319694519	250010577.99975	20092672.978
227.011598825455	250010578	20067292.982
228.009999990463	250010578	20052681.99
229.008401870728	250010578	20043001.053
230.00680398941	250010578.00025	20029421.018
231.005205869675	250010578.0005	20073606.911
232.003606796265	250010577.99875	20048992.107
233.002008914948	250010578.00075	20038949.003
234.000410795212	250010577.9995	20041554.881
235.014412879944	250010578.0005	20026693.134
236.012813806534	250010578.0005	20035965.923
237.011215925217	250010577.9995	20040958.992
238.009617805481	250010577.99925	20057232.022
239.008019924164	250010578.00025	20018388.9200001
240.006420850754	250010578.00025	20030562.023
241.004822969437	250010577.99975	20052369.183
242.003224849701	250010578	20054786.865
243.001626968384	250010578.0005	20104940.03
244.000027894974	250010578.00025	20085037.964
245.014029979706	250010578	20105558.91
246.01243185997	250010578	20109537.131
247.010833978653	250010577.999	20098769.012
248.009234905243	250010578.00075	20110897.937
249.007636785507	250010578	20086891.899
250.00603890419	250010577.99975	20093810.148
251.004440784454	250010577.99975	20077136.101
252.002841949463	250010578.00075	20078556.965
253.001243829727	250010578	20074483.9039999
253.99964594841	250010577.999	20074118.96
255.013647794724	250010578.00075	20077979.013
256.012048959732	250010577.999	20080010.011
257.010450839996	250010578.00025	20074589.9909999
258.008852958679	250010578.0005	20077419.051
259.007254838943	250010578.0005	20075070.936
260.005656003952	250010577.999	20079564.008
261.004057884216	250010578.00125	20084095.983
262.002460002899	250010577.99975	20073589.033
263.000861883163	250010578	20083868.028
264.014863967896	250010577.99925	20085833.044
265.013264894485	250010578.00025	20085146.991
266.01166677475	250010578.00025	20092970.112
267.010068893433	250010578.00025	20090603.954
268.008470773697	250010577.99975	20074063.861
269.006871938705	250010577.99925	20075542.085
270.00527381897	250010578.0005	20080090.033
271.003675937653	250010578.00025	20076590.938
272.002077817917	250010577.9995	20067824.932
273.000478982925	250010577.99975	20070682.127
274.014480829239	250010578	20066909.916
275.012882947922	250010578.00075	20064976.948
276.011284828186	250010577.9995	20065708.116
277.009685993195	250010577.99975	20033103.909
278.008087873459	250010578.00075	20045349.014
279.006489992142	250010578	20053778.042
280.004891872406	250010577.99975	20047945.9619999
281.003292798996	250010578.0005	20066454.9680001
282.001694917679	250010577.99975	20086698.057
283.000096797943	250010578.00025	20059973.981
284.014098882675	250010577.99975	20025623.066
285.012499809265	250010577.99975	20032893.019
286.010901927948	250010578.00025	20081535.972
287.009303808212	250010577.99975	20089614.876
288.007705926895	250010578.00025	20099990.212
289.006106853485	250010578.00025	20077897.855
290.004508972168	250010578.00125	20105022.05
291.002910852432	250010577.99825	20107670.002
292.001312971115	250010577.9995	20137419.038
293.015313863754	250010577.9995	20122117.959
294.013715982437	250010578.00125	20147949.9419999
295.012117862701	250010577.99975	20148785.9580001
296.010519981384	250010578.00075	20138899.033
297.008920907974	250010577.99925	20160692.937
298.007322788239	250010577.999	20159865
299.005724906921	250010578.0005	20181990.138
300.004126787186	250010578.00025	20177848.984
301.002527952194	250010578	20208981.844
302.000929832459	250010578.00025	20202182.687
303.014931917191	250010577.9995	20203236.5439999
304.013333797455	250010578.00075	20218462.863
305.011735916138	250010578	20223964.972
306.010136842728	250010577.9995	20219299.099
307.008538961411	250010578	20237385.97
308.006940841675	250010578.00025	20220065.8760001
309.005342960358	250010577.99925	20222366.087
310.003743886948	250010578.0015	20209452.9849999
311.00214600563	250010577.99925	20214437.0370001
312.000547885895	250010578.0005	20219014.028
313.014549970627	250010577.999	20224352.998
314.012950897217	250010578.00025	20215577.092
315.011352777481	250010578.0005	20215213.737
316.009754896164	250010577.99975	20229661.337
317.008156776428	250010577.99975	20286873.765
318.006557941437	250010578.00025	20219476.121
319.004959821701	250010578.0005	20221742.958
320.003361940384	250010578.00025	20217769.884
321.001763820648	250010577.999	20219090.14
322.015764951706	250010578	20223194.033
323.01416683197	250010578	20237576.825
324.012568950653	250010578.00075	20247822.057
325.010970830917	250010577.99975	20248125.319
326.009371995926	250010578.00025	20247072.678
327.00777387619	250010577.99975	20120800.016
328.006175994873	250010577.99975	20166090.025
329.004577875137	250010578	20046502.031
330.002978801727	250010578.0005	20103744.891
331.00138092041	250010577.99925	20162583.088
332.015383005142	250010578.00025	20036170.912
333.013784885406	250010578	20053475.017
334.012185811996	250010578	20119001.9270001
335.010587930679	250010578.00075	20203022.079
336.008989810944	250010577.9995	20190385.019
337.007391929626	250010577.99975	20132334.009
338.005792856216	250010578.00025	20186406.063
339.004194974899	250010577.9995	20191562.9220001
340.002596855164	250010578.00075	20129466.065
341.000998973846	250010577.9995	20172214.032
342.01500082016	250010578.00025	20209227.949
343.013401985168	250010578.00075	20269461.007
344.011803865433	250010577.99925	20264609.944
345.010205984116	250010578.00025	20237508.8290001
346.00860786438	250010577.9995	20252072.227
347.00700879097	250010578	20254922.089
348.005410909653	250010577.9995	20257554.8149999
349.003812789917	250010578.001	20255631.005
350.0022149086	250010577.9995	20293265.079
351.016215801239	250010578.00075	20267472.9220001
352.014617919922	250010577.99925	20281035.1719999
353.013019800186	250010578.0005	20302813.9690001
354.011421918869	250010577.99975	20290537.981
355.009822845459	250010577.99925	20264762.899
356.008224964142	250010578.0005	20321745.0519999
357.006626844406	250010577.99975	20300471.8760001
358.005028963089	250010578.0005	20271040.146
359.003429889679	250010578.00025	20289316.961
360.001832008362	250010578.0005	20317641.919
361.015833854675	250010577.9995	20307764.0359999
362.014235973358	250010577.9995	20284247.2260001
363.012636899948	250010577.99975	20298719.822
364.011038780212	250010578	20376602.944
365.009440898895	250010578.0005	20326390.8199999
366.00784277916	250010577.9995	20323148.16
367.006243944168	250010578.0005	20324155.9940001
368.004645824432	250010578.00025	20376426.003
369.003047943115	250010577.99925	20445679.071
370.00144982338	250010578.00075	20372701.9859999
371.015450954437	250010578.0005	20365132.061
372.013852834702	250010577.999	20373550.858
373.012254953384	250010578	20381992.07
374.010656833649	250010578.00075	20474080.924
375.009057998657	250010577.99975	20528080.158
376.007459878922	250010577.99925	20421094.885
377.005861997604	250010578.00025	20408550.11
378.004263877869	250010578	20407350.131
379.002664804459	250010578.0005	20410882.87
380.016666889191	250010578	20405143.993
381.015069007874	250010578	20422180.849
382.013470888138	250010577.9995	20433228.896
383.011873006821	250010578	20464402.064
384.010273933411	250010578.00025	20452769.068
385.008675813675	250010577.9995	20456833.973
386.007077932358	250010578.001	20513668.088
387.005479812622	250010577.9995	20562398.022
388.003880977631	250010578.0005	20616769.09
389.002282857895	250010577.999	20537353.891
390.016284942627	250010578	20583547.026
391.014686822891	250010577.99975	20695159.992
392.0130879879	250010578.00075	20548954.964
393.011489868164	250010577.99925	20519774.121
394.009891986847	250010578.0005	20566089.908
395.008293867111	250010578.00025	20576808.993
396.006694793701	250010577.999	20561427.915
397.005096912384	250010578.001	20536216.025
398.003498792648	250010578.00025	20542097.138
399.001900911331	250010578.0005	20502310.854
400.01590180397	250010577.99925	20477859.015
401.014303922653	250010578	20562188.951
402.012705802917	250010578.00025	20513637.095
403.0111079216	250010578.00025	20459185.1060001
404.00950884819	250010577.9995	20374743.0189999
405.007910966873	250010578.0005	20423681.686
406.006312847137	250010577.999	20449292.067
407.00471496582	250010578.00075	20445182.2459999
408.00311589241	250010578	20440283.9430001
409.001518011093	250010577.99925	20449280.998
410.015519857407	250010578	20469197.7919999
411.013921976089	250010578.00075	20451605.181
412.012322902679	250010577.99975	20444761.035
413.010724782944	250010578.00025	20451435.924
414.009126901627	250010577.99975	20521074.033
415.007528781891	250010578	20503225.8480001
416.005929946899	250010577.9995	20528148.237
417.004331827164	250010578.00025	20563389.941
418.002733945847	250010578	20673530.911
419.01673579216	250010577.9995	20642246.217
420.015137910843	250010578.00075	20665454.946
421.013538837433	250010577.99975	20655683.7360001
422.011940956116	250010578.00075	20694856.071
423.01034283638	250010577.99925	20709347.0929999
424.008744955063	250010577.9995	20659736.001
425.007145881653	250010578.00025	20696611.823
426.005548000336	250010578.0005	20693586.062
427.0039498806	250010578.00025	20681192.454
428.002351999283	250010578.00025	20680171.704
429.016352891922	250010577.9995	20706981.146
430.014755010605	250010577.99925	20719485.65
431.013156890869	250010578.00025	20706976.947
432.011559009552	250010578	20712801.429
433.009959936142	250010578.0005	20736537.736
434.008361816406	250010578	20773740
435.006763935089	250010577.9995	20814283.843
436.005165815353	250010578.00075	20718338.141
437.003566980362	250010577.9995	20725551.979
438.001968860626	250010578	20767974.11
439.015970945358	250010578	20759280.135
440.014372825623	250010578.0005	20757007.919
441.012773990631	250010577.9995	20756041.18
442.011175870895	250010578	20761808.874
443.009577989578	250010577.9995	20775727.786
444.007979869843	250010578.00075	20815948.244
445.006380796433	250010578	20799164.866
446.004782915115	250010577.99975	20815350.959
447.00318479538	250010577.99975	20820094.972
448.017186880112	250010578.00025	20818764.018
449.015587806702	250010577.9995	20896026.27
450.013989925385	250010578	20917819.674
451.012391805649	250010578.001	20884463.041
452.010793924332	250010577.99975	20859263.135
453.009194850922	250010577.99925	20860320.818
454.007596969604	250010578.00025	20864188.865
455.005998849869	250010578.00075	20887189.059
456.004400968552	250010577.99925	20970947.993
457.002801895142	250010578.00075	21065411.0649999
458.016803979874	250010578	20997245.2590001
459.015205860138	250010578	20944716.813
460.013607978821	250010577.99975	20930968.631
461.012009859085	250010578	20925365.313
462.010410785675	250010578	20889776.11
463.008812904358	250010578.00025	20794396.954
464.007214784622	250010578	20585354.0010001
465.005616903305	250010577.99975	20704417.492
466.004017829895	250010578	20858975.548
467.002419948578	250010578	20935122.882
468.016421794891	250010577.9995	20925161.933
469.014823913574	250010578	20861559.9230001
470.013224840164	250010578.0005	20540376.196
471.011626958847	250010577.99925	20582540
472.010028839111	250010578.0005	20832751.073
473.008430957794	250010578.00075	20862750.821
474.006831884384	250010578	20722730.1340001
475.005234003067	250010577.99975	20868032.044
476.003635883331	250010577.99975	20899516.912
477.017637968063	250010578	20960777.076
478.016038894653	250010577.999	20869556.784
479.014440774918	250010578.00025	20905987.168
480.0128428936	250010578	20920352.006
481.011244773865	250010578.00075	20974459.715
482.009645938873	250010577.99975	21014248.401
483.008047819138	250010577.99925	21000939.783
484.00644993782	250010578.001	20980240.112
485.004851818085	250010578.00025	20972868.815
486.003252983093	250010577.99925	20973883.949
487.017254829407	250010578.0005	20982607.039
488.01565694809	250010578	21013047.214
489.014058828354	250010577.99975	21013968.897
490.012459993362	250010578.00025	20994146.917
491.010861873627	250010577.99975	20961362.997
492.00926399231	250010578	20991910.199
493.007665872574	250010578.00025	21040696.0039999
494.006066799164	250010578.00075	21052351.666
495.004468917847	250010577.9995	21040272.101
496.002870798111	250010578	21034733.97
497.016872882843	250010577.999	21032468.137
498.015275001526	250010578.0005	21015410.795
499.013675928116	250010577.99975	21037258.217
500.01207780838	250010578	21005022.221
501.010479927063	250010578.00075	21049896.6880001
502.008881807327	250010578	21051385.15
503.007282972336	250010577.999	21028625.9829999
504.0056848526	250010578.0015	21038976.138
505.004086971283	250010577.999	21075934.738
506.018088817596	250010577.99975	21060919.363
507.016489982605	250010578.00075	21047191.763
508.014891862869	250010577.99975	21010326.9189999
509.013293981552	250010578.0005	21042078.079
510.011695861816	250010578	21040566.9250001
511.010096788406	250010577.99875	21025369.9399999
512.008498907089	250010578.00075	21018114.163
513.006900787354	250010577.99925	21018011.9120001
514.005302906036	250010578.00125	21042057.959
515.003703832626	250010577.99925	21002863.03
516.017705917358	250010577.99975	21024903.0910001
517.016107797623	250010578.00025	21025405.8269999
518.014509916306	250010578.00025	21041926.238
519.012910842896	250010577.9995	21056227.9480001
520.011312961578	250010578.00075	21051564.8549999
521.009714841843	250010577.99975	21064086.1470001
522.008116960526	250010577.9995	21075443.122
523.006517887115	250010578.00125	21073634.762
524.004920005798	250010577.999	21069198.9070001
525.003321886063	250010578.00025	21078940.2409999
526.017323970795	250010578.00025	21097204.126
527.015724897385	250010577.9995	21103859.973
528.014126777649	250010577.99975	21133338.828
529.012528896332	250010578.00075	21136737.059
530.010930776596	250010577.9995	21139825.549
531.009331941605	250010578.00075	21145149.479
532.007733821869	250010577.9995	21166131.724
533.006135940552	250010578.0005	21172363.182
534.004537820816	250010578	21192516.152
535.018538951874	250010578	21211974.711
536.016940832138	250010577.99975	21209360.158
537.015342950821	250010578	21228650.93
538.013744831085	250010578	21240226.9
539.012146949768	250010577.99875	21333756.997
540.010547876358	250010578.00075	21521046.917
541.008949995041	250010578	21282309.107
542.007351875305	250010578	21235911.205
543.005753993988	250010578	21253033.71
544.004154920578	250010578	21238014.378
545.01815700531	250010578.00125	21240134.906
546.016558885574	250010577.99875	21279831.958
547.014961004257	250010578.00025	21282189.841
548.013361930847	250010577.9995	21296525.839
549.011763811111	250010578.0005	21207995.5
550.010165929794	250010577.99975	21279193.488
551.008567810059	250010577.99975	21250338.558
552.006968975067	250010578.001	21276977.6999999
553.005370855331	250010578	21172550.796
554.003772974014	250010577.9995	21253937.155
555.017774820328	250010577.9995	21291716.4480001
556.016175985336	250010578.00125	21296193.329
557.014577865601	250010577.99925	21277762.207
558.012979984283	250010577.9995	21269374.061
559.011381864548	250010578.00025	21071650.8679999
560.009782791138	250010578	21068843.0380001
561.008184909821	250010578.0005	21262737.01
562.006586790085	250010577.99975	21168998.43
563.004988908768	250010578	21090210.57
564.018989801407	250010578.0005	21086018.814
565.01739192009	250010577.999	21092951.346
566.015793800354	250010578.0005	21178766.807
567.014195919037	250010577.99975	21190102.096
568.012596845627	250010578.001	21201669.064
569.01099896431	250010577.99925	21332967.0779999
570.009400844574	250010577.99975	21330353.1210001
571.007802963257	250010578	21280891.762
572.006203889847	250010578	21266923.3510001
573.00460600853	250010578.0005	21271852.719
574.018607854843	250010577.9995	21293421.5979999
575.017009973526	250010578	21303748.21
576.01541185379	250010578.00025	21316074.364
577.01381278038	250010578	21319916.836
578.012214899063	250010578	21318252
579.010616779327	250010578	21345272.971
580.00901889801	250010578.00075	21348966.901
581.0074198246	250010578	21355869.375
582.005821943283	250010577.99925	21353975.485
583.004223823547	250010578	21342959.332
584.018225908279	250010578.00025	21361986.717
585.016626834869	250010577.99925	21310975.088
586.015028953552	250010578	21317086.915
587.013430833817	250010578.00075	21508144.095
588.011832952499	250010577.9995	21364480.197
589.010233879089	250010578.0005	21421110.726
590.008635997772	250010577.9995	21433141.045
591.007037878037	250010578	21434095.355
592.005439996719	250010578.0005	21428078.963
593.019440889359	250010577.99925	21426788.652
594.017843008041	250010578.0005	21446890.129
595.016244888306	250010577.99925	21421339.8329999
596.014647006989	250010578	21418022.198
597.013047933578	250010578.00075	21423272.805
598.011449813843	250010578.00025	21424420.071
599.009851932526	250010577.99975	21413710.408
600.00825381279	250010578.00025	21436434.645
601.006654977798	250010577.99925	21439642.2039999
602.005056858063	250010578.00075	21434875.8890001
603.019058942795	250010577.9995	21434190.697
604.017460823059	250010578.00025	21429264.4959999
605.015861988068	250010577.99925	21442177.447
606.014263868332	250010578.00075	21444640.543
607.012665987015	250010577.9995	21430693.6720001
608.011067867279	250010578.00025	21442145.995
609.009468793869	250010578.00075	21444993.076
610.007870912552	250010577.99925	21445415.044
611.006272792816	250010578	21444196.9169999
612.004674911499	250010578.00075	21442567.4070001
613.018675804138	250010578.00025	21443713.482
614.017077922821	250010577.99925	21451189.337
615.015479803085	250010577.9995	21455138.18
616.013881921768	250010577.99975	21457687.998
617.012283802032	250010578.00075	21448602.619
618.010684967041	250010577.99975	21460118.051
619.009086847305	250010578.00025	21451070.98
620.007488965988	250010577.99925	21451892.072
621.005890846252	250010578.00075	21459850.147
622.004292011261	250010577.99975	21465359.8840001
623.018293857574	250010578.00025	21469631.624
624.016695976257	250010578.00025	21478536.353
625.015097856522	250010578.00025	21497107.798
626.013498783112	250010577.999	21466623.863
627.011900901794	250010578.0005	21463312.191
628.010302782059	250010577.99925	21467783.809
629.008704900742	250010578.00075	21472310.229
630.007105827332	250010578	21472513.04
631.005507946014	250010578.0005	21479910.203
632.019509792328	250010577.99925	21496473.559
633.017911911011	250010577.99975	21500003.882
634.016312837601	250010578.0005	21483705.024
635.014714956284	250010577.9995	21482917.344
636.013116836548	250010578.00075	21489687.396
637.011518955231	250010578	21483288.5
638.009919881821	250010577.99975	21480584.004
639.008322000504	250010578.00025	21478245.302
640.006723880768	250010577.99925	21465156.394
641.005125999451	250010578	21475587.446
642.01912689209	250010578.00075	21468847.173
643.017529010773	250010577.9995	21496236.04
644.015930891037	250010578.0005	21511257.867
645.01433300972	250010578.0005	21510411.033
646.01273393631	250010577.99825	21496498.462
647.011135816574	250010578.0005	21504934.192
648.009537935257	250010578.00125	21535527.287
649.007939815521	250010577.99875	21492054.618
650.00634098053	250010578.00025	21495931.276
651.004742860794	250010577.99975	21495626.0329999
652.018744945526	250010578.00025	21502516.069
653.01714682579	250010578	21511644.837
654.015548944473	250010578.00025	21529833.6670001
655.013949871063	250010577.99975	21493514.6439999
656.012351989746	250010577.99975	21519886.8480001
657.01075387001	250010578.001	21514310.324
658.009155988693	250010577.9995	21517549.642
659.007556915283	250010577.9995	21525826.413
660.005958795547	250010577.99975	21550560.426
661.01996088028	250010578.00025	21663590.8430001
662.018362998962	250010578	21669455.022
663.016763925552	250010578.001	21626919.6370001
664.015165805817	250010577.99975	21565247.4319999
665.0135679245	250010577.99925	21590821.317
666.011969804764	250010578.00075	21586483.899
667.010370969772	250010578	21565480.836
668.008772850037	250010577.99875	21560017.3839999
669.007174968719	250010578.00075	21564826.9350001
670.005576848984	250010577.99975	21570474.571
671.019577980042	250010578.00025	21565123.201
672.017979860306	250010577.99975	21565195.003
673.016381978989	250010578.00025	21577818.433
674.014783859253	250010578	21586127.62
675.013184785843	250010578.0005	21587614.824
676.011586904526	250010577.99925	21595343.732
677.00998878479	250010578.0005	21597745.654
678.008390903473	250010578.0005	21618702.138
679.006791830063	250010577.999	21608914.715
680.005193948746	250010578.001	21588544.774
681.019195795059	250010577.9995	21598523.515
682.017597913742	250010577.99975	21591207.614
683.015998840332	250010578	21590125.862
684.014400959015	250010578.0005	21591805.071
685.012802839279	250010577.99925	21594117.258
686.011204957962	250010578	21590199.654
687.009605884552	250010578.00125	21584632.185
688.008008003235	250010577.9985	21595466.718
689.006409883499	250010578.001	21607635.078
690.020411968231	250010577.999	21618763.22
691.018812894821	250010578.00075	21625990.789
692.017214775085	250010577.99975	21616851.908
693.015616893768	250010578.0005	21606318.754
694.014018774033	250010578	21596108.344
695.012420892715	250010577.99975	21590213.963
696.010821819305	250010578.00025	21575802.268
697.009223937988	250010577.9995	21572988.444
698.007625818253	250010578	21570441.037
699.006027936935	250010578.00025	21586709.039
700.020028829575	250010578	21615778.434
701.018430948257	250010578.0005	21609662.708
702.016832828522	250010577.999	21596982.462
703.015234947205	250010578.001	21618370.686
704.013635873795	250010577.9995	21627132.1569999
705.012037992477	250010578.00075	21641646.3720001
706.010439872742	250010577.999	21629528.4419999
707.008841991425	250010577.99975	21628870.5630001
708.007242918015	250010578.001	21631636.5619999
709.005644798279	250010577.9995	21642925.656
710.019646883011	250010578.00025	21642462.123
711.018049001694	250010578	21644718.322
712.016449928284	250010577.99975	21640518.219
713.014851808548	250010578.00025	21639754.599
714.013253927231	250010577.9995	21650154.311
715.011655807495	250010578	21659055.507
716.010056972504	250010578	21654101.416
717.008458852768	250010578.0005	21650915.492
718.006860971451	250010577.9995	21651246.653
719.020862817764	250010578.00025	21653506.49
720.019263982773	250010578.00075	21657757.227
721.017665863037	250010577.9985	21661165.715
722.01606798172	250010578.0005	21657745.2080001
723.014469861984	250010578.00025	21653435.964
724.012870788574	250010578.00025	21649853.0749999
725.011272907257	250010577.99925	21642996.6290001
726.009674787521	250010578.00025	21644964.055
727.008076906204	250010577.99975	21642667.41
728.006477832794	250010578.00075	21644386.697
729.020479917526	250010578	21642587.566
730.018881797791	250010577.9995	21645466.435
731.017283916473	250010578.00075	21644117.148
732.015685796738	250010577.9995	21639212.723
733.014086961746	250010578	21640908.16
734.012488842011	250010578.0005	21643425.241
735.010890960693	250010577.9995	21644515.645
736.009292840958	250010578.00025	21645148.499
737.007694005966	250010577.9995	21637780.736
738.00609588623	250010577.99975	21624975.871
739.020097970963	250010578.00025	21631614.395
740.018499851227	250010577.9995	21637851.55
741.016900777817	250010578.001	21634082.114
742.0153028965	250010578.0005	21625840.192
743.013704776764	250010577.9985	21628158.992
744.012106895447	250010578.0015	21621372.733
745.010507822037	250010577.999	21622069.347
746.00890994072	250010578.0005	21631196.134
747.007311820984	250010577.99925	21636948.147
748.021313905716	250010578	21638616.983
749.019714832306	250010578.00025	21642356.494
750.018116950989	250010578.0005	21634729.131
751.016518831253	250010578.00025	21640856.864
752.014920949936	250010577.99925	21641639.122
753.013321876526	250010578.0005	21648415.844
754.011723995209	250010577.9995	21643656.1520001
755.010125875473	250010578.00025	21649328.7609999
756.008527994156	250010578	21650095.8950001
757.006928920746	250010578.0005	21649295.609
758.020931005478	250010577.99925	21652648.842
759.019332885742	250010578.0005	21650783.902
760.017735004425	250010577.9995	21651548.9220001
761.016135931015	250010578.00075	21649777.906
762.014537811279	250010577.99975	21654701.089
763.012939929962	250010578	21656235.033
764.011341810226	250010578	21653681.0499999
765.009742975235	250010577.99975	21659620.09
766.008144855499	250010578.00075	21667814.013
767.006546974182	250010577.999	21666889.419
768.020548820496	250010578.00025	21670700.5519999
769.018949985504	250010578.00025	21670759.477
770.017351865768	250010578.0005	21671549.1110001
771.015753984451	250010577.999	21675569.334
772.014155864716	250010578.00075	21672351.6489999
773.012557983398	250010577.999	21677214.3820001
774.010958909988	250010578.00075	21682842.027
775.009360790253	250010578	21681238.79
776.007762908936	250010577.999	21685648.317
777.021764993668	250010578.00025	21687885.889
778.020165920258	250010578.00075	21686771.288
779.018567800522	250010577.99975	21684803.57
780.016969919205	250010578	21689860.906
781.015371799469	250010577.9995	21691923.991
782.013772964478	250010578.0005	21696382.642
783.012174844742	250010578.00025	21715947.424
784.010576963425	250010577.999	21746012.237
785.008978843689	250010577.99975	21755693.765
786.007380008698	250010578.00075	21704423.448
787.021381855011	250010578	21777078.121
788.019783973694	250010578.00025	21782426.635
789.018185853958	250010578	21766965.818
790.016586780548	250010577.9995	21771135.206
791.014988899231	250010578.0005	21682259.752
792.013390779495	250010577.99975	21597615.339
793.011792898178	250010578	21677440.321
794.010193824768	250010578.00075	21766962.407
795.008595943451	250010577.9995	21692137.49
796.006997823715	250010577.99975	21758691.519
797.020999908447	250010578.00025	21745473.93
798.019400835037	250010578	21766427.186
799.01780295372	250010578.0005	21755802.623
800.016204833984	250010577.99925	21731057.082
801.014606952667	250010578.0005	21757021.2850001
802.013007879257	250010578.00025	21742935.152
803.01140999794	250010577.99975	21749596.674
804.009811878204	250010578	21768899.438
805.008213996887	250010578.00075	21779458.563
806.006614923477	250010577.99975	21768713.521
807.020617008209	250010577.99925	21760773.127
808.019018888474	250010578.001	21755976.529
809.017421007156	250010577.99975	21755041.786
810.015822887421	250010577.99925	21750813.015
811.014223814011	250010578	21760957.21
812.012625932693	250010577.9995	21774252.801
813.011027812958	250010578.00075	21773818.035
814.009429931641	250010578	21773151.6849999
815.007830858231	250010577.9995	21772737.3430001
816.021832942963	250010578.00125	21771994.15
817.020234823227	250010577.9995	21766993.784
818.01863694191	250010578.001	21769007.714
819.0170378685	250010577.999	21775459.72
820.015439987183	250010577.9995	21805311.319
821.013841867447	250010577.9995	21796152.67
822.01224398613	250010578.0005	21786194.327
823.01064491272	250010578.00025	21794572.6589999
824.009046792984	250010577.9995	21792265.0300001
825.007448911667	250010577.99975	21793852.954
826.021450996399	250010578.0005	21813753.656
827.019851922989	250010578.00025	21804573.302
828.018253803253	250010577.9995	21798647.994
829.016655921936	250010578	21794430.729
830.0150578022	250010578.00025	21793082.737
831.013458967209	250010577.9995	21793847.614
832.011860847473	250010578.00025	21795226.046
833.010262966156	250010578	21802476.672
834.00866484642	250010578.0005	21805003.872
835.007066011429	250010578	21808096.485
836.021067857742	250010577.99975	21808824.478
837.019469976425	250010578.00025	21808073.177
838.017871856689	250010578	21814215.098
839.016272783279	250010578.00025	21811269.445
840.014674901962	250010577.99925	21809870.378
841.013076782227	250010578	21811922.947
842.011478900909	250010578.0005	21821728.04
843.009879827499	250010577.99975	21832185.677
844.008281946182	250010578.00025	21820179.786
845.022283792496	250010578	21823604.538
846.020685911179	250010577.99975	21822639.945
847.019086837769	250010577.99975	21823352.454
848.017488956451	250010578.0005	21820133.798
849.015890836716	250010577.99975	21817235.555
850.014292955399	250010578	21815761.133
851.012694835663	250010577.99975	21812263.234
852.011096000671	250010578	21816001.719
853.009497880936	250010578.00025	21817181.467
854.007899999619	250010578.00075	21819988.687
855.021901845932	250010577.99925	21824577.1749999
856.020303010941	250010577.99975	21818959.215
857.018704891205	250010577.999	21815477.665
858.017107009888	250010578.00175	21815160.878
859.015508890152	250010577.99925	21810763.859
860.013909816742	250010577.9995	21820577.3660001
861.012311935425	250010578.00075	21821564.7179999
862.010713815689	250010577.99925	21811612.3740001
863.009115934372	250010578.00125	21802507.72
864.007516860962	250010577.99975	21804656.967
865.021518945694	250010578	21816296.997
866.019920825958	250010577.99975	21821194.0369999
867.018322944641	250010578	21824187.347
868.016723871231	250010578.00025	21823830.7920001
869.015125989914	250010577.99975	21819445.66
870.013527870178	250010577.99925	21829722.79
871.011929988861	250010578.001	21830073.036
872.010330915451	250010578	21823387.873
873.008732795715	250010578.0005	21825293.493
874.022734880447	250010577.99875	21834214.569
875.02113699913	250010578.00075	21834737.548
876.01953792572	250010577.99975	21829984.873
877.017939805985	250010577.9995	21832519.195
878.016341924667	250010578.0005	21834904.893
879.014743804932	250010577.99975	21839428.283
880.01314496994	250010578	21844728.116
881.011546850204	250010578	21835770.534
882.009948968887	250010578	21847393.558
883.008350849152	250010577.99975	21846780.204
884.022351980209	250010578.00025	21849380.933
885.020753860474	250010578.00025	21852686.564
886.019155979156	250010577.9995	21848999.803
887.017557859421	250010578.00025	21845761.417
888.015959978104	250010578.00075	21847499.346
889.014360904694	250010577.9995	21841559.173
890.012762784958	250010577.99975	21851417.868
891.011164903641	250010578	21854375.264
892.009566783905	250010578.00075	21854768.158
893.007967948914	250010577.99925	21853963.911
894.021969795227	250010578.00025	21851906.896
895.02037191391	250010578.001	21851130.392
896.018773794174	250010577.999	21846184.958
897.017174959183	250010578.00025	21845799.633
898.015576839447	250010577.99975	21845020.955
899.01397895813	250010577.999	21845267.2179999
900.012380838394	250010578.00075	21847105.591
901.010782003403	250010578.00025	21850296.2930001
902.009183883667	250010577.99975	21841563.7809999
903.023185968399	250010577.99975	21846958.97
904.021587848663	250010578.00075	21853889.216
905.019988775253	250010577.9995	21860061.46
906.018390893936	250010578	21852291.308
907.0167927742	250010578.00025	21840755.215
908.015194892883	250010577.99975	21845817.08
909.013595819473	250010578.00075	21846945.247
910.011997938156	250010577.9995	21847772.678
911.01039981842	250010578.00025	21846104.104
912.008801937103	250010578	21845168.7920001
913.022802829742	250010577.999	21848806.381
914.021204948425	250010578.00075	21840792.7049999
915.01960682869	250010578	21842519.092
916.018008947372	250010578	21841029.053
917.016409873962	250010577.99975	21846850.472
918.014811992645	250010578.00025	21860365.7130001
919.01321387291	250010578	21861672.796
920.011615991592	250010577.9995	21857349.288
921.010016918182	250010578	21855141.8429999
922.008418798447	250010578.00025	21858752.358
923.022420883179	250010577.9995	21860347.6
924.020823001862	250010578.00075	21859482.745
925.019223928452	250010578	21865020.348
926.017625808716	250010578	21860509.717
927.016027927399	250010577.9995	21864129.023
928.014429807663	250010577.9995	21865748.358
929.012831926346	250010578.00075	21864277.607
930.011232852936	250010578	21868436.111
931.009634971619	250010578	21868115.212
932.023636817932	250010577.9995	21873806.541
933.022038936615	250010578	21872669.33
934.020439863205	250010578.00025	21875538.76
935.018841981888	250010578.00075	21876354.984
936.017243862152	250010577.99975	21877297.808
937.015645980835	250010578	21880761.131
938.014046907425	250010577.99975	21881320.057
939.012448787689	250010577.99975	21882318.61
940.010850906372	250010578	21885402.758
941.009252786636	250010578.0005	21884197.152
942.023253917694	250010578	21891351.406
943.021655797958	250010577.99975	21894068.775
944.020057916641	250010577.99975	21891740.202
945.018459796906	250010578	21893796.117
946.016860961914	250010578	21896994.976
947.015262842178	250010578.00025	21900958.733
948.013664960861	250010577.9995	21901461.01
949.012066841125	250010578.00025	21903298.8080001
950.010468006134	250010578.001	21904712.546
951.008869886398	250010577.9995	21900058.1739999
952.02287197113	250010577.99975	21896220.7820001
953.021273851395	250010577.99975	21899984.9599999
954.019674777985	250010578.00025	21896950.906
955.018076896667	250010578.0005	21904020.526
956.016478776932	250010577.99975	21903812.794
957.014880895615	250010577.99975	21907177.7359999
958.013281822205	250010578	21911094.0250001
959.011683940887	250010578.00025	21911038.7249999
960.010085821152	250010577.99975	21911485.445
961.024087905884	250010578	21910082.712
962.022488832474	250010578.00025	21908813.452
963.020890951157	250010577.999	21907421.535
964.019292831421	250010578.0005	21912526.2869999
965.017694950104	250010577.9995	21911231.8210001
966.016096830368	250010578	21911711.1749999
967.014497995377	250010578.00025	21909215.849
968.012899875641	250010578.00025	21909482.926
969.011301994324	250010578	21910801.946
970.009703874588	250010578	21909149.8130001
971.023705005646	250010578.0005	21907121.5029999
972.02210688591	250010578	21908566.863
973.020509004593	250010577.9995	21907716.49
974.018910884857	250010578.0005	21915125.831
975.017311811447	250010578.00025	21915473.796
976.01571393013	250010577.999	21916405.243
977.014115810394	250010578.0005	21912307.488
978.012517929077	250010577.9995	21916713.219
979.010918855667	250010578	21914820.235
980.00932097435	250010578.00025	21909322.776
981.023322820663	250010578	21908300.139
982.021724939346	250010577.99975	21908813.756
983.020125865936	250010578.0005	21900074.622
984.018527984619	250010577.99975	21919964.397
985.016929864883	250010578.00025	21924610.012
986.015331983566	250010577.9995	21929188.499
987.013732910156	250010578.0005	21920753.693
988.012134790421	250010578	21930670.416
989.010536909103	250010578.00025	21938916.092
990.008938789368	250010577.9995	21912386.221
991.022939920425	250010578	21913009.807
992.02134180069	250010578.0005	21912756.416
993.019743919373	250010578	21919840.036
994.018145799637	250010577.99975	21928710.128
995.016546964645	250010578	21931410.576
996.01494884491	250010578.00025	21934172.834
997.013350963593	250010577.99875	21937112.9910001
998.011752843857	250010578.00025	21936028.898
999.010154008865	250010578.001	21936066.03
1000.02415585518	250010577.99925	21937173.761
1001.02255797386	250010578	21937101.772
1002.02095985413	250010577.99975	21937103.835
1003.01936078072	250010578.00075	21938135.1439999
1004.0177628994	250010577.9995	21936800.3100001
1005.01616477966	250010578.00075	21937975.739
1006.01456689835	250010577.9995	21913986.638
1007.01296877861	250010578.00025	21914415.498
1008.01136994362	250010578	21917520.584
1009.00977182388	250010578.0005	21923301.0699999
1010.02377390862	250010577.99875	21937143.4530001
1011.02217578888	250010578.00025	21938760.637
1012.02057695389	250010578.00025	21936144.238
1013.01897883415	250010578.00025	21938781.652
1014.01738095284	250010578.00025	21918706.931
1015.0157828331	250010577.9995	21912407.1210001
1016.01418399811	250010578.0005	21925313.26
1017.01258587837	250010577.99975	21929467.523
1018.01098799706	250010578	21928077.981
1019.00938987732	250010577.99925	21934216.0070001
1020.02339100838	250010578.00125	21937874.104
1021.02179288864	250010577.9995	21936172.364
1022.02019500732	250010577.9995	21930857.726
1023.01859688759	250010578.00075	21928283.929
1024.01699781418	250010577.9995	21946640.33
1025.01539993286	250010577.9995	21948142.584
1026.01380181313	250010578.001	21936040.109
1027.01220393181	250010578.00025	21938144.635
1028.0106048584	250010577.99925	21942320.313
1029.02460694313	250010578	21943065.412
1030.02300882339	250010577.99975	21944216.998
1031.02141094208	250010578.0005	21939302.41
1032.01981186867	250010578.00025	21939643.003
1033.01821398735	250010577.99925	21943722.922
1034.01661586761	250010578.0005	21945870.692
1035.0150179863	250010577.99975	21942741.291
1036.01341891289	250010578	21943798.883
1037.01182079315	250010578.0005	21960502.481
1038.01022291183	250010577.9995	21957264.081
1039.02422499657	250010578	21952787.786
1040.02262592316	250010577.99975	21949214.16
1041.02102780342	250010578.001	21948668.217
1042.0194299221	250010577.99925	21949514.125
1043.01783180237	250010578.00025	21944977.006
1044.01623392105	250010577.9995	21941694.962
1045.01463484764	250010578.0005	21939887.397
1046.01303696632	250010578.00075	21938170.255
1047.01143884659	250010577.99975	21935770.051
1048.00984096527	250010578	21938070.305
1049.02384185791	250010577.99975	21935825.204
1050.02224397659	250010577.99975	21931389.881
1051.02064585686	250010578.00025	21930950.475
1052.01904797554	250010577.99925	21929957.104
1053.01744890213	250010578.00025	21930560.7180001
1054.01585078239	250010578.00075	21938301.2029999
1055.01425290108	250010578	21949740.5090001
1056.01265478134	250010577.99975	21949997.869
1057.01105594635	250010577.999	21944976.4119999
1058.02505779266	250010578.001	21943768.911
1059.02345991135	250010577.9995	21937069.735
1060.02186179161	250010578.00025	21936966.645
1061.02026295662	250010577.9995	21942060.3030001
1062.01866483688	250010578.00125	21950817.3879999
1063.01706695557	250010577.99925	21953519.1220001
1064.01546883583	250010577.99975	21952315.7129999
1065.01387000084	250010578.0005	21950514.977
1066.0122718811	250010577.99975	21950380.2820001
1067.01067399979	250010577.9995	21946628.5189999
1068.0246758461	250010578.00025	21947324.033
1069.02307701111	250010577.99925	21949377.785
1070.02147889137	250010578.00125	21946745.8050001
1071.01988101006	250010577.99925	21944360.045
1072.01828289032	250010578.0005	21943077.19
1073.01668381691	250010577.99975	21944732.553
1074.01508593559	250010578	21944428.133
1075.01348781586	250010578.00025	21956088.476
1076.01188993454	250010577.9995	21957713.253
1077.01029086113	250010578.0005	21954346.742
1078.02429294586	250010577.99975	21949398.583
1079.02269482613	250010577.99975	21950734.648
1080.02109694481	250010578.00025	21956389.443
1081.0194978714	250010578.00025	21955067.837
1082.01789999008	250010578.0005	21955574.046
1083.01630187035	250010577.999	21958133.018
1084.01470398903	250010578.00075	21957764.022
1085.01310586929	250010577.99975	21957783.06
1086.01150679588	250010577.9995	21962206.781
1087.02550888062	250010578.00075	21961442.21
1088.0239109993	250010577.99975	21963969.736
1089.02231287956	250010578.0005	21963988.206
1090.02071380615	250010577.99875	21963914.803
1091.01911592484	250010578.001	21962004.313
1092.0175178051	250010577.9995	21961142.499
1093.01591992378	250010578.00025	21960680.029
1094.01432085037	250010578	21961182.197
1095.01272296906	250010578.00025	21958583.0860001
1096.01112484932	250010577.99975	21959111.293
1097.02512693405	250010577.99925	21961440.512
1098.02352786064	250010578.001	21960251.931
1099.02192997932	250010578.0005	21965424.186
1100.02033185959	250010577.9995	21963871.495
1101.01873397827	250010577.99975	21963890.733
1102.01713490486	250010578	21963023.252
1103.01553678513	250010577.99975	21963477.197
1104.01393890381	250010578	21961416.142
1105.01234078407	250010578	21963934.6750001
1106.01074194908	250010578	21963997.739
1107.02474379539	250010578	21962474.714
1108.02314591408	250010578.00075	21959247.094
1109.02154779434	250010577.999	21963014.678
1110.01994895935	250010578.00025	21961378.243
1111.01835083961	250010578.0005	21961301.145
1112.0167529583	250010577.99975	21962735.784
1113.01515483856	250010578.0005	21962541.171
1114.01355600357	250010577.99975	21962047.985
1115.01195788383	250010577.99975	21961387.9499999
1116.01036000252	250010577.9995	21962738.8480001
1117.02436184883	250010578.00075	21960176.581
1118.02276277542	250010577.999	21962816.432
1119.0211648941	250010578.0015	21961928.403
1120.01956677437	250010577.9985	21961696.052
1121.01796889305	250010578.001	21961086.899
1122.01637077332	250010578.00025	21961662.344
1123.01477193832	250010577.99975	21959402.727
1124.01317381859	250010578	21960419.299
1125.01157593727	250010577.99975	21961136.587
1126.02557778358	250010578	21963138.023
1127.02397894859	250010577.99975	21960702.974
1128.02238082886	250010578	21957688.323
1129.02078294754	250010577.99975	21962547.935
1130.0191848278	250010578.00025	21959786.792
1131.01758599281	250010577.99975	21960218.512
1132.01598787308	250010578.0005	21960242.497
1133.01438999176	250010578	21963055.454
1134.01279187202	250010578.00025	21961019.928
1135.01119279861	250010578	21957897.4170001
1136.02519488335	250010577.99975	21959827.315
1137.02359700203	250010578.0005	21960736.1
1138.02199888229	250010577.999	21961802.056
1139.02039980888	250010577.99975	21960094.613
1140.01880192757	250010578.0005	21959229.146
1141.01720380783	250010577.99975	21959215.883
1142.01560592651	250010578.00025	21959968.029
1143.0140068531	250010578.00025	21960710.6210001
1144.01240897179	250010578	21960077.6309999
1145.01081085205	250010578	21959531.4840001
1146.02481293678	250010577.9995	21958865.0059999
1147.02321386337	250010578.00025	21959330.303
1148.02161598206	250010578.0005	21960494.0170001
1149.02001786232	250010577.99975	21959046.215
1150.018419981	250010577.9995	21958168.2989999
1151.01682090759	250010578.00025	21955679.835
1152.01522278786	250010578	21959769.777
1153.01362490654	250010578.00025	21961203.811
1154.0120267868	250010577.99975	21958425.6240001
1155.02602791786	250010578.00025	21957915.566
1156.02442979813	250010578.00025	21957519.2460001
1157.02283191681	250010577.9995	21959376.4549999
1158.02123379707	250010578.00025	21960153.888
1159.01963496208	250010578	21959800.2970001
1160.01803684235	250010578	21959765.1109999
1161.01643896103	250010577.9995	21961752.983
1162.01484084129	250010578	21958336.818
1163.01324295998	250010578.00075	21958730.253
1164.01164388657	250010577.9995	21959822.4910001
1165.0256459713	250010578.0005	21959148.767
1166.02404785156	250010577.99975	21960597.88
1167.02244997025	250010578.00075	21961023.8199999
1168.02085089684	250010577.999	21957379.2210001
1169.0192527771	250010578.00075	21956250.143
1170.01765489578	250010578	21956252.673
1171.01605677605	250010577.99975	21953371.6
1172.01445794106	250010577.9995	21953666.709
1173.01285982132	250010578	21957125.133
1174.02686190605	250010578.00025	21957294.406
1175.02526378632	250010577.99975	21958794.767
1176.02366495132	250010578.00025	21955560.502
1177.02206683159	250010578.0005	21955965.625
1178.02046895027	250010577.99975	21956281.754
1179.01887083054	250010577.9995	21955271.577
1180.01727199554	250010578	21953066.891
1181.01567387581	250010578.00025	21954085.337
1182.01407599449	250010578	21955549.12
1183.01247787476	250010577.9995	21956456.315
1184.02647900581	250010577.99975	21958074.894
1185.02488088608	250010578.00125	21955871.25
1186.02328300476	250010577.9995	21957106.539
1187.02168488503	250010578	21954688.391
1188.02008581161	250010577.9995	21953664.007
1189.0184879303	250010577.99975	21956172.535
1190.01688981056	250010578.0005	21953140.434
1191.01529192925	250010578.00075	21955463.336
1192.01369285583	250010578.00025	21955570.072
1193.01209497452	250010577.9995	21953915.285
1194.02609682083	250010578.00075	21953475.2970001
1195.02449893951	250010577.99925	21959430.355
1196.0228998661	250010578	21959375.8379999
1197.02130198479	250010577.9995	21957814.244
1198.01970386505	250010578.00075	21958685.48
1199.01810598373	250010577.999	21956190.911
1200.016507864	250010578.0005	21956299.816
1201.01490879059	250010578.00025	21954672.365
1202.01331090927	250010577.99975	21956127.0270001
1203.01171278954	250010578	21955785.5779999
1204.02571487427	250010578.00025	21955365.671
1205.02411580086	250010578.00025	21954680.564
1206.02251791954	250010578	21956211.221
1207.0209197998	250010577.999	21953835.462
1208.01932191849	250010578.001	21954845.852
1209.01772284508	250010577.9985	21951131.6260001
1210.01612496376	250010578.001	21951442.577
1211.01452684402	250010577.99975	21954731.923
1212.01292896271	250010578.00025	21954969.926
1213.02692985535	250010578	21954654.304
1214.02533197403	250010578	21956290.285
1215.02373385429	250010578	21954314.997
1216.02213597298	250010577.99975	21954359.0750001
1217.02053689957	250010578.00075	21952989.24
1218.01893877983	250010577.99975	21952569.228
1219.01734089851	250010577.9995	21952897.562
1220.01574277878	250010578	21950445.275
1221.01414394379	250010578.0005	21951013.947
1222.01254582405	250010577.99925	21951467.894
1223.02654790878	250010578.00125	21950617.473
1224.02494978905	250010577.999	21951879.369
1225.02335095406	250010577.99975	21954616.566
1226.02175283432	250010578.001	21954141.86
1227.020154953	250010577.99875	21953622.558
1228.01855683327	250010578.00075	21955308.92
1229.01695799828	250010578.00075	21955651.043
1230.01535987854	250010577.99975	21952947.169
1231.01376199722	250010577.99925	21953167.474
1232.01216387749	250010578.001	21951137.282
1233.02616500854	250010577.9995	21951561.845
1234.02456688881	250010577.99975	21952538.219
1235.02296900749	250010577.9995	21951773.565
1236.02137088776	250010578.00075	21953055.137
1237.01977181435	250010577.99975	21951756.622
1238.01817393303	250010577.99975	21951528.757
1239.01657581329	250010578	21952039.802
1240.01497793198	250010578.0005	21951821.103
1241.01337981224	250010578	21950161.762
1242.0273809433	250010578	21950903.34
1243.02578282356	250010578	21947456.791
1244.02418494225	250010578	21952758.021
1245.02258682251	250010577.99975	21951381.956
1246.02098798752	250010578	21947450.249
1247.01938986778	250010577.9995	21948765.684
1248.01779198647	250010578.00025	21949245.135
1249.01619386673	250010578	21952436.1830001
1250.01459479332	250010578.001	21949297.916
1251.012996912	250010577.99975	21949811.6159999
1252.02699899673	250010578	21952380.135
1253.025400877	250010577.9995	21950389.533
1254.02380180359	250010577.9995	21948885.8150001
1255.02220392227	250010578.001	21950152.0979999
1256.02060580254	250010578	21949535.4740001
1257.01900792122	250010577.99975	21948459.173
1258.01740884781	250010578.0005	21949019.4469999
1259.01581096649	250010577.99925	21952022.34
1260.01421284676	250010578.00025	21950721.258
1261.01261496544	250010577.9995	21947965.847
1262.02661585808	250010577.99975	21948806.26
1263.02501797676	250010578.0005	21950877.281
1264.02341985703	250010578	21947544.465
1265.02182197571	250010578	21947954.198
1266.0202229023	250010578.001	21950094.01
1267.01862478256	250010577.999	21949683.547
1268.01702690125	250010578.00025	21949361.545
1269.01542878151	250010577.999	21948162.984
1270.01382994652	250010578.00075	21949036.497
1271.02783179283	250010577.99975	21949192.402
1272.02623391151	250010578.00075	21947918.334
1273.02463579178	250010577.99925	21952657.542
1274.02303695679	250010578.00025	21951886.222
1275.02143883705	250010578.0005	21952638.226
1276.01984095573	250010577.99975	21949743.283
1277.018242836	250010577.99925	21950698.657
1278.01664495468	250010578.00075	21950745.288
1279.01504588127	250010577.9995	21950548.809
1280.01344799995	250010578.0005	21948294.293
1281.02744984627	250010577.9995	21948317.117
1282.02585196495	250010578	21948378.841
1283.02425289154	250010578	21950431.856
1284.02265501022	250010578.0005	21948325.107
1285.02105689049	250010578.00025	21948037.624
1286.01945900917	250010577.9995	21947859.208
1287.01785993576	250010578	21948024.028
1288.01626181602	250010577.99975	21948266.623
1289.01466393471	250010578.0005	21947069.56
1290.01306581497	250010578.0005	21946919.075
1291.02706694603	250010577.999	21944532.957
1292.02546882629	250010578.0005	21944972.35
1293.02387094498	250010578.00025	21943970.209
1294.02227282524	250010577.99975	21942703.04
1295.02067399025	250010578.00025	21947291.8480001
1296.01907587051	250010577.99925	21946182.625
1297.0174779892	250010578.00025	21944693.892
1298.01587986946	250010578.00025	21945002.6620001
1299.01428079605	250010577.99925	21943624.6209999
1300.02828288078	250010578.00025	21942859.161
1301.02668499947	250010578.0005	21945736.2950001
1302.02508687973	250010577.9995	21943706.2869999
1303.02348780632	250010578.00075	21941751.082
1304.021889925	250010578.00025	21942342.205
1305.02029180527	250010578	21943634.831
1306.01869392395	250010577.999	21943993.214
1307.01709485054	250010577.99975	21942699.056
1308.01549696922	250010578.0005	21941433.997
1309.01389884949	250010577.99975	21943700.174
1310.02790093422	250010578.00075	21944046.5779999
1311.02630186081	250010577.99925	21940077.8080001
1312.02470397949	250010578.0005	21939679.9399999
1313.02310585976	250010578.00025	21942372.183
1314.02150797844	250010577.99975	21941972.3390001
1315.01990890503	250010578.00025	21941379.2409999
1316.01831078529	250010577.9995	21941733.536
1317.01671290398	250010577.99975	21939634.955
1318.01511478424	250010578.00025	21941440.787
1319.01351690292	250010578.00025	21943897.862
1320.02751779556	250010577.99975	21943608.606
1321.02591991425	250010578.0005	21941661.522
1322.02432179451	250010577.9995	21943454.364
1323.02272391319	250010578	21941879.421
1324.02112483978	250010577.9995	21942557.217
1325.01952695847	250010578.0015	21939414.789
1326.01792883873	250010577.99875	21940040.758
1327.01633095741	250010577.99975	21940755.762
1328.014731884	250010578.0005	21939640.521
1329.01313400269	250010578.00025	21941973.802
1330.027135849	250010577.99975	21940679.586
1331.02553796768	250010578.00025	21939286.385
1332.02393889427	250010578.00025	21941159.244
1333.02234077454	250010577.9995	21940428.086
1334.02074289322	250010577.99975	21939528.357
1335.01914477348	250010578	21942620.763
1336.01754593849	250010578.0005	21943822.67
1337.01594781876	250010578	21940469.958
1338.01434993744	250010577.999	21943141.767
1339.02835178375	250010578.00125	21940132.0180001
1340.02675294876	250010577.99975	21940378.448
1341.02515482903	250010578	21939682.444
1342.02355694771	250010577.999	21940422.127
1343.02195882797	250010578.00125	21940008.2590001
1344.02035999298	250010577.99975	21938112.773
1345.01876187325	250010577.9995	21941464.351
1346.01716399193	250010578.00025	21941565.441
1347.01556587219	250010578.00075	21940105.117
1348.01396679878	250010577.9995	21940787.8480001
1349.02796888351	250010578.00025	21943205.762
1350.0263710022	250010578	21942233.5090001
1351.02477288246	250010577.999	21941384.0359999
1352.02317380905	250010578.00075	21942053.4150001
1353.02157592773	250010577.99975	21943045.495
1354.019977808	250010578.00025	21943465.977
1355.01837992668	250010578	21941316.674
1356.01678180695	250010577.9995	21941853.43
1357.01518297195	250010578	21941664.176
1358.01358485222	250010578.001	21942950.729
1359.02758693695	250010577.999	21942337.778
1360.02598881721	250010577.99975	21943673.005
1361.02438998222	250010578.00025	21942889.4480001
1362.02279186249	250010578.001	21942463.7819999
1363.02119398117	250010577.99975	21941153.9530001
1364.01959586143	250010577.9995	21941820.575
1365.01799678802	250010577.99975	21940123.117
1366.01639890671	250010578.00025	21941447.722
1367.01480078697	250010577.9995	21941586.096
1368.0288028717	250010578.00075	21942437.146
1369.02720379829	250010577.9995	21943745.763
1370.02560591698	250010578.00025	21942250.347
1371.02400779724	250010577.99975	21941402.311
1372.02240991592	250010578.00025	21941657.92
1373.02081084251	250010578.00025	21941250.41
1374.0192129612	250010577.9995	21942770.701
1375.01761484146	250010578.00025	21944613.646
1376.01601696014	250010577.9995	21943637.953
1377.01441788673	250010577.99975	21941936.836
1378.02841997147	250010578.0005	21942236.05
1379.02682185173	250010578.0005	21944443.594
1380.02522397041	250010577.99925	21944059.275
1381.023624897	250010578	21944873.098
1382.02202677727	250010578	21943879.926
1383.02042889595	250010578.00075	21943937.155
1384.01883077621	250010577.99975	21944529.025
1385.01723194122	250010578.0005	21943654.831
1386.01563382149	250010577.9995	21942878.643
1387.01403594017	250010577.99925	21945468.2600001
1388.02803778648	250010578.00075	21944601.3709999
1389.02643895149	250010578.00025	21943073.4070001
1390.02484083176	250010578.00025	21944684.652
1391.02324295044	250010577.9995	21946407.0880001
1392.0216448307	250010577.9995	21948377.497
1393.02004599571	250010578.0005	21947430.2539999
1394.01844787598	250010578.00025	21949075.7540001
1395.01684999466	250010578	21948626.265
1396.01525187492	250010577.99975	21950541.46
1397.02925395966	250010577.99975	21948645.9449999
1398.02765488625	250010578.00075	21948877.993
1399.02605700493	250010577.99925	21949636.596
1400.02445888519	250010578.0005	21949070.284
1401.02286100388	250010578.00025	21948809.905
1402.02126193047	250010577.99975	21948931.61
1403.01966381073	250010578	21949667.374
1404.01806592941	250010577.99875	21947099.1700001
1405.01646780968	250010578.00125	21948828.706
1406.01486897469	250010577.9995	21948867.83
1407.028870821	250010578.00025	21950428.967
1408.02727293968	250010578.00025	21949561.492
1409.02567481995	250010578	21951200.385
1410.02407598495	250010578.00025	21952881.442
1411.02247786522	250010577.9995	21950868.91
1412.0208799839	250010578.00025	21949625.311
1413.01928186417	250010578	21950794.198
1414.01768279076	250010577.9995	21951552.574
1415.01608490944	250010578.00025	21952031.014
1416.0144867897	250010577.99975	21949822.011
1417.02848887444	250010578.00025	21951384.779
1418.02688980103	250010577.99925	21951155.094
1419.02529191971	250010578.0005	21951667.727
1420.02369379997	250010578	21952157.892
1421.02209591866	250010578	21953495.847
1422.02049684525	250010578.00075	21952473.924
1423.01889896393	250010577.99875	21954777.196
1424.01730084419	250010578.00075	21955199.15
1425.01570296288	250010578.00025	21953371.552
1426.02970385551	250010577.99975	21952583.165
1427.0281059742	250010578.0005	21952637.059
1428.02650785446	250010577.99975	21953363.368
1429.02490997314	250010577.9995	21952259.001
1430.02331089973	250010578.00025	21954204.185
1431.02171278	250010577.9995	21953146.64
1432.02011489868	250010578.00075	21954017.788
1433.01851677895	250010578	21955688.78
1434.01691889763	250010577.99975	21949714.311
1435.01531982422	250010578	21956107.187
1436.02932190895	250010578.00025	21953756.457
1437.02772378922	250010577.9995	21956437.465
1438.0261259079	250010578	21955803.4350001
1439.02452683449	250010578.00025	21954599.722
1440.02292895317	250010578	21956849.566
1441.02133083344	250010578.00025	21957631.998
1442.01973295212	250010577.9995	21954420.305
1443.01813387871	250010578.0005	21953786.353
1444.01653599739	250010578.00025	21957892.7869999
1445.01493787766	250010578	21956924.5420001
1446.02893996239	250010578.00025	21957582.1279999
1447.02734088898	250010577.99925	21959164.669
1448.02574300766	250010577.99975	21958472.195
1449.02414488792	250010577.99975	21959387.2969999
1450.02254700661	250010578.00075	21960765.6190001
1451.0209479332	250010577.9995	21959419.878
1452.01934981346	250010578.0005	21959400.074
1453.01775193214	250010578	21960022.5369999
1454.01615381241	250010578	21960268.697
1455.03015494347	250010577.99975	21960913.5569999
1456.02855682373	250010577.99975	21960389.0370001
1457.02695894241	250010578.00025	21959578.188
1458.02536082268	250010578.00025	21959987.8000001
1459.02376198769	250010578	21960957.188
1460.02216386795	250010577.99975	21957618.493
1461.02056598663	250010578	21956914.948
1462.0189678669	250010577.99975	21960547.145
1463.01736879349	250010578.001	21959375.368
1464.01577091217	250010577.99925	21959857.319
1465.0297729969	250010577.99975	21960563.831
1466.02817487717	250010578.0005	21960289.088
1467.02657580376	250010577.99925	21962960.893
1468.02497792244	250010578.0005	21960814.07
1469.0233798027	250010578.0005	21961550.508
1470.02178192139	250010578	21961954.475
1471.02018284798	250010578	21963585.103
1472.01858496666	250010577.999	21961985.331
1473.01698684692	250010578.00025	21964671.775
1474.01538896561	250010578.00025	21964131.535
1475.02939081192	250010578.0005	21962295.1
1476.02779197693	250010577.99975	21963451.449
1477.02619385719	250010577.99925	21964169.121
1478.02459597588	250010578.00125	21962820.801
1479.02299785614	250010578.00025	21963559.674
1480.02139878273	250010577.999	21962765.104
1481.01980090141	250010578.00025	21964478.515
1482.01820278168	250010578	21962268.873
1483.01660490036	250010577.99925	21964589.592
1484.01500582695	250010578.001	21963463.498
1485.02900791168	250010577.9995	21966057.932
1486.02740979195	250010578.00075	21968255.76
1487.02581191063	250010577.99875	21966798.161
1488.02421283722	250010578	21966212.585
1489.0226149559	250010578.00075	21966723.7509999
1490.02101683617	250010578.00025	21966663.086
1491.01941895485	250010577.99975	21968242.9170001
1492.01781988144	250010577.9995	21967677.0470001
1493.01622200012	250010578.00025	21967519.025
1494.03022384644	250010578.00025	21969357.9219999
1495.02862596512	250010578.0005	21969785.82
1496.02702689171	250010577.999	21967416.744
1497.02542901039	250010578	21970459.482
1498.02383089066	250010578.00025	21967006.5550001
1499.02223300934	250010577.99975	21969516.449
1500.02063393593	250010578.00075	21971139.378
1501.01903581619	250010577.99925	21969483.1739999
1502.01743793488	250010578.001	21969345.5140001
1503.01583981514	250010577.9995	21968892.061
1504.0298409462	250010577.999	21970744.722
1505.02824282646	250010578.00125	21969395.057
1506.02664494514	250010578	21967504.045
1507.02504682541	250010577.99975	21969392.576
1508.02344799042	250010578	21972306.566
1509.02184987068	250010577.99975	21972215.753
1510.02025198936	250010577.99975	21971462.3280001
1511.01865386963	250010578.00025	21971096.586
1512.01705598831	250010578.00025	21970264.059
1513.0154569149	250010577.9995	21970517.659
1514.02945899963	250010577.99975	21970772.844
1515.0278608799	250010578.0005	21971086.115
1516.02626299858	250010577.999	21972875.024
1517.02466392517	250010578.00125	21971935.443
1518.02306580544	250010577.99975	21973331.517
1519.02146792412	250010577.99975	21973713.314
1520.01986980438	250010578.00025	21973606.047
1521.01827096939	250010578	21974271.016
1522.01667284966	250010578	21973580.824
1523.03067493439	250010577.99975	21974412.509
1524.02907681465	250010578.0005	21973460.341
1525.02747797966	250010578	21974106.78
1526.02587985992	250010577.999	21976166.495
1527.02428197861	250010578.00075	21976949.618
1528.02268385887	250010578	21976758.007
1529.02108478546	250010578.00025	21977798.835
1530.01948690414	250010577.99925	21979062.621
1531.01788878441	250010578.001	21975992.207
1532.01629090309	250010578	21977624.277
1533.03029179573	250010577.99975	21977534.908
1534.02869391441	250010578.00025	21980181.976
1535.02709579468	250010577.9995	21979379.516
1536.02549791336	250010578.00075	21978841.127
1537.02389883995	250010577.99925	21979093.6
1538.02230095863	250010577.99975	21978842.0259999
1539.0207028389	250010578	21976738.182
1540.01910495758	250010577.99875	21978293.4680001
1541.01750588417	250010578.00175	21978471.359
1542.01590800285	250010577.9995	21978937.415
1543.02990984917	250010577.99975	21976838.939
1544.02831196785	250010578.00125	21978932.7490001
1545.02671289444	250010577.9985	21980882.1999999
1546.0251147747	250010578.0005	21980199.363
1547.02351689339	250010578.0005	21981266.78
1548.02191877365	250010577.99975	21978813.645
1549.02031993866	250010578	21982389.8610001
1550.01872181892	250010578.0005	21981735.206
1551.01712393761	250010577.99925	21981798.045
1552.03112578392	250010578.0005	21982930.1650001
1553.0295279026	250010577.9995	21983166.383
1554.02792882919	250010577.99975	21982378.7679999
1555.02633094788	250010578.001	21982651.6020001
1556.02473282814	250010577.99925	21983757.7689999
1557.02313494682	250010578.0005	21984334.212
1558.02153587341	250010577.99975	21983216.772
1559.0199379921	250010578	21987084.5600001
1560.01833987236	250010577.99975	21983900.002
1561.01674199104	250010578.001	21988073.958
1562.03074288368	250010577.99925	21987453.105
1563.02914500237	250010578.001	21986836.659
1564.02754688263	250010577.999	21987162.621
1565.02594900131	250010578	21980810.489
1566.0243499279	250010578.0005	21983423.5
1567.02275180817	250010578	21988466.333
1568.02115392685	250010577.999	21987179.158
1569.01955580711	250010578.00075	21989613.694
1570.01795697212	250010577.9995	21990432.347
1571.01635885239	250010578.00025	21987449.353
1572.03036093712	250010578.00025	21989138.178
1573.02876281738	250010578	21987819.777
1574.02716398239	250010577.9995	21989800.213
1575.02556586266	250010577.999	21989741.276
1576.02396798134	250010578.0015	21990231.979
1577.0223698616	250010577.99975	21993371.747
1578.02077078819	250010577.9995	21990944.335
1579.01917290688	250010578.00075	21989872.725
1580.01757478714	250010577.99975	21991090.002
1581.03157687187	250010578.00025	21991733.995
1582.02997779846	250010577.9995	21991329.247
1583.02837991714	250010578	21990845.4020001
1584.02678179741	250010578.0005	21991945.765
1585.02518391609	250010578.00025	21991075.377
1586.02358484268	250010577.99975	21991741.895
1587.02198696136	250010577.99975	21992500.7970001
1588.02038884163	250010578.0005	21994103.512
1589.01879096031	250010577.9995	21990908.796
1590.01719284058	250010578.00025	21995154.13
1591.03119397163	250010578	21996555.599
1592.0295958519	250010577.9995	21997550.068
1593.02799797058	250010578	21995613.58
1594.02639985085	250010578	21997570.377
1595.02480077744	250010577.99975	21997930.0630001
1596.02320289612	250010577.9995	21998183.8099999
1597.02160477638	250010578.0015	21998151.943
1598.02000689507	250010578.00025	22000511.329
1599.01840782166	250010577.999	22000568.266
1600.01680994034	250010578.001	21997547.704
1601.03081178665	250010577.99925	21999162.235
1602.02921390533	250010578	22000421.202
1603.02761483192	250010578.0005	22000126.13
1604.02601695061	250010577.9995	22000005.281
1605.02441883087	250010578	22001975.974
1606.02282094955	250010578.00025	22003151.89
1607.02122187614	250010577.99975	22004039.1110001
1608.01962399483	250010578.0005	22002880.86
1609.01802587509	250010577.99925	22003566.142
1610.03202795982	250010578	22004017.257
1611.03042888641	250010578.00025	22004177.608
1612.0288310051	250010578	22006501.729
1613.02723288536	250010578.0005	22006523.45
1614.02563500404	250010578	22007995.183
1615.02403593063	250010578	22007255.038
1616.0224378109	250010577.9995	22009019.45
1617.02083992958	250010578.001	22007482.867
1618.01924180984	250010577.999	22011958.663
1619.01764297485	250010578.00025	22012081.239
1620.03164482117	250010578.0005	22011209.779
1621.03004693985	250010577.99925	22010579.582
1622.02844882011	250010577.9995	22011947.194
1623.02684998512	250010578.001	22012165.733
1624.02525186539	250010577.99925	22010012.0010001
1625.02365398407	250010577.99975	22012797.2119999
1626.02205586433	250010578.00075	22010866.1
1627.02045679092	250010577.99975	22012856.847
1628.01885890961	250010577.9995	22013909.812
1629.01726078987	250010578.001	22013627.207
1630.0312628746	250010578.00025	22011885.131
1631.02966499329	250010577.99875	22014258.728
1632.02806591988	250010578.0005	22016872.156
1633.02646780014	250010578.00025	22013686.933
1634.02486991882	250010577.99975	22015288.0450001
1635.02327179909	250010578.00025	22015739.295
1636.0216729641	250010578.00025	22017228.035
1637.02007484436	250010577.99975	22017772.1290001
1638.01847696304	250010577.9995	22018636.6
1639.03247880936	250010578	22018781.67
1640.03087997437	250010578.00025	22021029.863
1641.02928185463	250010578.00075	22022707.5369999
1642.02768397331	250010577.9995	22021701.2690001
1643.02608585358	250010577.9995	22021616.168
1644.02448678017	250010577.99975	22023273.522
1645.02288889885	250010578.00125	22023141.4150001
1646.02129077911	250010577.99925	22024122.8839999
1647.0196928978	250010577.99925	22024843.684
1648.01809382439	250010578.001	22025408.615
1649.03209590912	250010577.9995	22025082.356
1650.03049778938	250010577.99975	22026868.6650001
1651.02889990807	250010578.00075	22026878.0289999
1652.02730083466	250010578.00025	22026471.339
1653.02570295334	250010577.99975	22025996.3390001
1654.0241048336	250010578	22028287.6539999
1655.02250695229	250010578.00025	22028232.928
1656.02090787888	250010577.99975	22027777.853
1657.01930999756	250010578.00025	22029065.171
1658.01771187782	250010577.9995	22031371.43
1659.03171396255	250010578	22031330.135
1660.03011488914	250010577.9995	22030783.429
1661.02851700783	250010578.00075	22029843.511
1662.02691888809	250010577.9995	22033278.405
1663.02532100677	250010578.00025	22032230.677
1664.02372193336	250010578.00075	22033105.31
1665.02212381363	250010577.99925	22033384.204
1666.02052593231	250010578.00025	22033275.61
1667.01892781258	250010578	22033620.27
1668.01732993126	250010578.00025	22032861.906
1669.0313308239	250010577.9995	22034997.31
1670.02973294258	250010578.0005	22035696.364
1671.02813482285	250010578.00025	22035565.022
1672.02653694153	250010577.99975	22037854.998
1673.02493786812	250010577.99975	22036117.303
1674.0233399868	250010578.00025	22036877.462
1675.02174186707	250010577.99875	22037976.227
1676.02014398575	250010578.0015	22038070.532
1677.01854491234	250010577.99925	22039684.01
1678.03254699707	250010578.00025	22039500.23
1679.03094887733	250010578.0005	22037104.286
1680.02935099602	250010577.999	22038737.572
1681.02775192261	250010578.00025	22039580.4949999
1682.02615380287	250010578	22037881.0730001
1683.02455592155	250010578.0005	22040475.762
1684.02295780182	250010577.9995	22041126.414
1685.02135896683	250010577.99975	22041766.8299999
1686.01976084709	250010578.001	22041780.5090001
1687.01816296577	250010577.999	22042795.851
1688.03216481209	250010578.00075	22044404.9530001
1689.0305659771	250010577.9995	22044507.535
1690.02896785736	250010578.0005	22041442.027
1691.02736997604	250010577.99975	22042111.6900001
1692.02577185631	250010577.99975	22041329.133
1693.0241727829	250010578.00075	22037488.7279999
1694.02257490158	250010577.9995	22039728.141
1695.02097678185	250010577.9995	22041124.4
1696.01937890053	250010578.00075	22043135.095
1697.01777982712	250010577.999	22044319.273
1698.03178191185	250010578.00075	22044161.648
1699.03018379211	250010577.99975	22045912.231
1700.0285859108	250010578	22046451.595
1701.02698683739	250010578	22043670.6260001
1702.02538895607	250010578.00025	22044630.409
1703.02379083633	250010577.9995	22044604.602
1704.02219295502	250010578.0005	22044779.7119999
1705.02059388161	250010578.0005	22045983.3250001
1706.01899600029	250010578	22046710.724
1707.0329978466	250010577.99925	22046749.284
1708.03139996529	250010578.00025	22048240.207
1709.02980184555	250010578	22049374.824
1710.02820301056	250010577.99975	22049911.776
1711.02660489082	250010578	22049760.329
1712.02500700951	250010578	22050614.483
1713.02340888977	250010578	22050336.717
1714.02180981636	250010577.99975	22047675.869
1715.02021193504	250010578.001	22047750.357
1716.01861381531	250010577.9995	22048337.665
1717.03261590004	250010577.99975	22050727.249
1718.03101682663	250010577.99975	22052793.109
1719.02941894531	250010578.00025	22052258.272
1720.02782082558	250010578	22053078.15
1721.02622294426	250010578	22052607.394
1722.02462387085	250010578	22051596.993
1723.02302598953	250010577.99975	22049654.921
1724.0214278698	250010578.00025	22048675.192
1725.01982998848	250010578.00075	22050699.358
1726.03383088112	250010577.999	22053195.12
1727.0322329998	250010577.99975	22053040.104
1728.03063488007	250010578.00025	22053627.995
1729.02903699875	250010577.99975	22053036.237
1730.02743792534	250010578.00125	22053493.8610001
1731.0258398056	250010577.99925	22055418.1559999
1732.02424192429	250010578	22056004.7340001
1733.02264380455	250010578	22058524.179
1734.02104496956	250010578	22057894.3839999
1735.01944684982	250010578.0005	22059260.418
1736.03344893456	250010578	22060123.5520001
1737.03185081482	250010577.999	22060117.146
1738.03025197983	250010578.00075	22060429.7919999
1739.02865386009	250010577.99925	22062086.279
1740.02705597878	250010578.001	22062495.9749999
1741.02545785904	250010577.99975	22063098.1420001
1742.02385878563	250010578.00025	22061984.321
1743.02226090431	250010577.999	22061896.8789999
1744.02066278458	250010578.00025	22064543.689
1745.01906490326	250010578.00025	22063531.7470001
1746.03306698799	250010578.00025	22066489.132
1747.03146791458	250010577.99975	22065142.122
1748.02986979485	250010578.00075	22065783.443
1749.02827191353	250010578	22065091.043
1750.02667379379	250010577.9995	22067667.852
1751.0250749588	250010577.99925	22064922.886
1752.02347683907	250010578.001	22065246.574
1753.02187895775	250010577.9995	22062802.819
1754.02028083801	250010577.9995	22066871.071
1755.01868200302	250010578.00075	22071335.763
1756.03268384933	250010577.99975	22069475.922
1757.03108596802	250010578.00025	22071495.808
1758.02948784828	250010577.99975	22069277.462
1759.02788877487	250010577.9995	22068463.624
1760.02629089355	250010578.00175	22071002.134
1761.02469277382	250010577.999	22070574.488
1762.0230948925	250010578	22069223.442
1763.02149581909	250010577.99925	22068686.61
1764.01989793777	250010578.001	22072117.325
1765.03389978409	250010578	22068999.599
1766.03230190277	250010577.99975	22071332.185
1767.03070282936	250010577.999	22071186.308
1768.02910494804	250010578.0015	22070929.995
1769.02750682831	250010578	22069884.852
1770.02590894699	250010578.00025	22070877.789
1771.02430987358	250010578	22072474.659
1772.02271199226	250010577.9995	22075412.538
1773.02111387253	250010578	22074748.972
1774.01951599121	250010577.99925	22074733.845
