#Menlo Systems GmbH 2009 - Comb Watch v0.9.6
#Measurement from 19.4.2021.
#Begin of the measurement: 14:12:08, 51128 sec after midnight.
#Add 805547528 to get the time since 0:00 of 10th Oct. 1995 = MJD 50000 in seconds.
#
#C0:	timestamp
#C1:	reprate.freq	The actual repetition rate of the comb (calculated from counter0)	Hz
#C2:	offset.freq	Offset beat frequency (see counter1)	Hz	20000000	10
#C3:	counter2.freq	Counter channel 2 frequency	Hz
#C4:	counter2.signal	Signal strength of counter channel 2 input	V
#
#S0:	4
#Statistics settings
#S1:	250164479.75	0.005
#S2:	20000000	10
#S3:	#
#S4:	#
#
#timestamp	#reprate.freq	#offset.freq	#counter2.freq	#counter2.signal
0.997601985931396	250164479.75125	19999999.364	17801064.209	0.504761
2.000403881073	250164479.74925	20000000.478	17816669.321	0.504761
2.99880504608154	250164479.74975	20000001.113	17834943.495	0.501709
3.99720692634583	250164479.749	19999999.02	17824322.069	0.50354
4.99560904502869	250164479.7515	19999999.96	17834011.3249999	0.499878
5.99401092529297	250164479.74925	20000000.3889999	17796503.8360001	0.499878
6.99241185188293	250164479.7505	20000000.472	17817057.424	0.50293
7.9908139705658	250164479.7495	19999999.706	17785542.726	0.50293
8.98921585083008	250164479.75025	19999999.939	17804637.969	0.497437
9.98761796951294	250164479.75025	20000000.067	17781206.1	0.50293
11.0016188621521	250164479.7495	19999999.757	17818734.506	0.498657
12.000020980835	250164479.75025	20000000.1060001	17829312.761	0.50354
12.9984228610992	250164479.75025	19999999.6769999	17825372.891	0.495606
13.9968249797821	250164479.75	20000000.4400001	17768649.285	0.50354
14.9952259063721	250164479.7495	19999999.77	17789879.585	0.498657
15.9936280250549	250164479.7505	20000000.263	17784105.768	0.495606
16.9920299053192	250164479.74975	19999999.9119999	17815082.933	0.499268
17.9904320240021	250164479.74975	19999999.5040001	17791871.646	0.501709
18.988832950592	250164479.75075	20000000.637	17836663.102	0.498047
19.9872348308563	250164479.74975	19999999.9400001	17816206.367	0.50354
21.0012369155884	250164479.74975	19999998.8169999	17797757.484	0.498657
21.9996390342712	250164479.75025	20000000.906	17776678.097	0.496826
22.9980399608612	250164479.75075	20000000.1060001	17781482.408	0.494995
23.9964418411255	250164479.74725	19999999.834	17811479.723	0.501099
24.9948439598084	250164479.7515	19999999.0159999	17824622.479	0.496826
25.9932458400726	250164479.75025	20000000.161	17832936.028	0.499268
26.9916470050812	250164479.75025	20000000.572	17816363.868	0.498657
27.9900488853455	250164479.74975	19999999.923	17784000.053	0.499268
28.9884510040283	250164479.7505	20000000.201	17828076.109	0.50415
29.9868528842926	250164479.7495	20000001.2340001	17826043.739	0.498657
31.0008549690247	250164479.75025	19999998.862	17808716.0039999	0.500488
31.9992558956146	250164479.74975	20000000.627	17778563.382	0.504761
32.9976580142975	250164479.75	19999999.132	17858928.158	0.495606
33.9960598945618	250164479.75025	19999999.931	17867083.588	0.504761
34.9944620132446	250164479.75	19999999.718	17892457.091	0.496216
35.9928629398346	250164479.75	20000000.983	17845015.559	0.493164
36.9912648200989	250164479.7495	20000000.233	17889487.9840001	0.496826
37.9896669387817	250164479.75125	19999999.246	17838986.6919999	0.497437
38.988068819046	250164479.74875	19999999.6	17874790.187	0.501099
40.0020699501038	250164479.7495	20000000.069	17869765.899	0.493774
41.000471830368	250164479.75025	20000000.58	17855850.773	0.496826
41.9988739490509	250164479.75	20000000.233	17838711.2529999	0.504761
42.9972758293152	250164479.74975	19999999.72	17865112.212	0.499878
43.9956769943237	250164479.75075	19999998.495	17869314.643	0.507813
44.994078874588	250164479.75025	20000002.166	17834872.2210001	0.495606
45.9924809932709	250164479.75	19999998.963	17846873.2069999	0.498657
46.9908828735352	250164479.74925	20000000.534	17847261.577	0.495606
47.9892840385437	250164479.7505	20000000.795	17882799.8050001	0.501709
48.987685918808	250164479.74975	19999998.743	17868177.2989999	0.500488
50.00168800354	250164479.75125	20000000.428	17826861.904	0.505371
51.0000898838043	250164479.74925	19999999.633	17842223.533	0.502319
51.9984910488129	250164479.75	20000000.432	17841700.062	0.496826
52.9968929290771	250164479.74925	19999999.304	17865622.997	0.500488
53.99529504776	250164479.75	20000000.267	17839188.574	0.496216
54.9936969280243	250164479.75025	20000000.436	17825126.033	0.493164
55.9920978546143	250164479.75025	20000000.233	17844216.189	0.504761
56.9904999732971	250164479.75075	19999999.071	17838093.528	0.505371
57.9889018535614	250164479.749	20000000.632	17800223.649	0.502319
58.9873039722443	250164479.75025	19999999.67	17827242.9319999	0.499878
60.0013048648834	250164479.7505	20000000.523	17802415.158	0.498047
60.9997069835663	250164479.74975	19999999.452	17761231.291	0.50354
61.9981088638306	250164479.74975	19999999.909	17806823.485	0.496216
62.9965109825134	250164479.75	20000000.683	17801059.29	0.494995
63.9949119091034	250164479.751	20000000.457	17812276.733	0.495606
64.9933140277863	250164479.749	19999999.617	17800279.092	0.506592
65.9917159080505	250164479.75	19999999.646	17834705.447	0.50354
66.9901180267334	250164479.75075	19999998.862	17813469.819	0.497437
67.9885199069977	250164479.74975	20000001.738	17780743.517	0.495606
69.0025210380554	250164479.7495	19999999.9749999	17794377.231	0.497437
70.0009229183197	250164479.7505	19999999.0520001	17828850.141	0.496216
70.9993250370026	250164479.74925	19999999.97	17822526.882	0.497437
71.9977269172668	250164479.751	20000000.329	17851521.084	0.500488
72.9961278438568	250164479.749	20000001.178	17883734.29	0.497437
73.9945299625397	250164479.7505	19999998.303	17878114.705	0.501099
74.992931842804	250164479.7495	20000000.656	17901460.892	0.495606
75.9913339614868	250164479.75025	19999999.898	17881139.843	0.502319
76.9897348880768	250164479.75025	20000000.984	17887323.063	0.496216
77.9881370067596	250164479.75	19999998.3020001	17891456.743	0.501099
79.0021388530731	250164479.75025	20000000.187	17882534.237	0.501709
80.000540971756	250164479.74975	20000001.0029999	17868125.254	0.496216
80.9989418983459	250164479.75025	20000000.873	17945988.469	0.505982
81.9973440170288	250164479.74975	20000000.0830001	17931181.118	0.501099
82.9957458972931	250164479.7505	19999999.5649999	17918034.484	0.496826
83.994148015976	250164479.74875	19999999.684	17926507.892	0.500488
84.9925489425659	250164479.75075	20000000.7130001	17910440.669	0.50354
85.9909508228302	250164479.75	19999999.863	17933408.465	0.501709
86.9893529415131	250164479.74925	19999999.639	17920687.864	0.496826
87.9877548217773	250164479.75025	20000000.197	17914541.392	0.498657
89.0017559528351	250164479.7505	20000000.223	17944210.608	0.491943
90.0001578330994	250164479.7505	19999999.782	17936270.964	0.493774
90.9985599517822	250164479.74975	19999999.578	17916933.097	0.499268
91.9969618320465	250164479.75	20000000.365	17956898.737	0.496826
92.9953629970551	250164479.7495	19999999.431	17932394.992	0.50354
93.9937648773193	250164479.75	20000001.155	17939189.762	0.496216
94.9921669960022	250164479.7495	20000000.65	17909207.423	0.490112
95.9905688762665	250164479.75	19999999.271	17925825.691	0.500488
96.988970041275	250164479.7505	19999999.971	17921295.0320001	0.50354
98.0029718875885	250164479.75025	19999998.819	17935177.3169999	0.496216
99.0013740062714	250164479.75	20000000.978	17926563.005	0.501709
99.9997758865356	250164479.74975	19999999.778	17936584.9170001	0.50415
100.998177051544	250164479.75025	19999999.976	17951251.869	0.494995
101.996578931808	250164479.75	19999999.5	17939514.592	0.492554
102.994981050491	250164479.7495	20000000.802	17960233.732	0.500488
103.993382930756	250164479.74975	19999999.227	17951294.289	0.498657
104.991783857346	250164479.7505	20000000.875	17937292.5320001	0.499878
105.990185976028	250164479.7505	19999999.829	17923463.8989999	0.498047
106.988587856293	250164479.7495	19999999.742	17927270.918	0.496826
108.002589941025	250164479.74975	20000001.118	18002445.104	0.496826
109.000991821289	250164479.75	19999999.53	17972666.3620001	0.490723
109.999392986298	250164479.7495	19999998.847	17917404.3809999	0.499878
110.997794866562	250164479.75125	20000001.235	17943403.671	0.498657
111.996196985245	250164479.7495	19999997.724	17933089.508	0.50293
112.994598865509	250164479.75	20000001.5120001	17943602.033	0.501099
113.993000030518	250164479.75025	19999998.8959999	17940413.521	0.498047
114.991401910782	250164479.75	20000000.995	17949660.267	0.500488
115.989804029465	250164479.75	20000000.6570001	17932201.64	0.495606
116.988205909729	250164479.7505	19999999.651	17958045.153	0.496216
118.002207040787	250164479.7495	20000000.1739999	17930976.569	0.50293
119.000608921051	250164479.74925	19999999.457	17942997.6550001	0.494995
119.999011039734	250164479.751	19999999.6320001	17950012.428	0.493164
120.997412919998	250164479.7495	20000000.0109999	17975595.7919999	0.500488
121.995813846588	250164479.75	20000000.2510001	17945839.357	0.501709
122.994215965271	250164479.75025	19999999.851	17950034.6320001	0.498047
123.992617845535	250164479.75075	20000000.084	17958188.066	0.494995
124.991019964218	250164479.74925	20000000.801	17960286.669	0.496216
125.989420890808	250164479.74975	19999999.044	17987579.426	0.494995
126.987823009491	250164479.75025	20000000.665	17992099.6159999	0.501709
128.001824855804	250164479.74975	19999999.2770001	17957189.792	0.50293
129.000226974487	250164479.74925	20000000.549	17952634.218	0.499878
129.998627901077	250164479.75125	19999999.2809999	17998725.637	0.499268
130.99703001976	250164479.74925	20000000.207	18013828.948	0.50354
131.995431900024	250164479.751	20000001.355	17940497.674	0.496216
132.993834018707	250164479.75	19999999.085	17984673.315	0.493164
133.992234945297	250164479.74925	19999999.7129999	17948369.015	0.490723
134.990636825562	250164479.74975	19999999.7010001	17964140.11	0.496216
135.989038944244	250164479.75125	20000000.5079999	17968504.783	0.502319
137.003041028976	250164479.749	20000000.4870001	17955733.574	0.500488
138.001441955566	250164479.75025	20000000.0109999	17989408.803	0.50415
138.999843835831	250164479.75025	19999999.567	18014283.034	0.493774
139.998245954514	250164479.7505	20000000.138	17974696.058	0.498047
140.996647834778	250164479.7495	19999999.726	17968439.353	0.499878
141.995048999786	250164479.75	20000000.021	17971691.513	0.499878
142.993450880051	250164479.74975	20000000.116	17993009.109	0.495606
143.991852998734	250164479.74975	19999999.546	17978189.713	0.495606
144.990254878998	250164479.75	20000001.758	17960135.659	0.492554
145.988656997681	250164479.7505	19999997.024	17985016.055	0.501709
147.00265789032	250164479.7495	20000001.694	17990114.8469999	0.497437
148.001060009003	250164479.75025	19999999.594	18011471.492	0.494995
148.999461889267	250164479.74925	20000001.596	17957046.069	0.496826
149.99786400795	250164479.75025	19999999.448	17972706.22	0.493164
150.99626493454	250164479.75125	19999999.635	17998864.755	0.498657
151.994667053223	250164479.7495	19999999.771	18011497.268	0.493164
152.993068933487	250164479.7495	20000000.039	17995787.148	0.496216
153.99147105217	250164479.74975	20000001.217	18016926.072	0.496216
154.98987197876	250164479.75025	19999998.905	18015671.152	0.499878
155.988273859024	250164479.74975	20000000.135	17973929.6589999	0.497437
157.002275943756	250164479.7505	19999999.824	18042307.653	0.502319
158.00067782402	250164479.75075	19999999.593	17993159.597	0.498657
158.999078989029	250164479.74925	20000000.708	18024512.498	0.498657
159.997480869293	250164479.75	19999999.291	18007226.6160001	0.498047
160.995882987976	250164479.74975	20000000.505	18015301.949	0.501709
161.99428486824	250164479.751	19999999.278	18026717.684	0.498657
162.992686033249	250164479.749	20000001.586	17996296.971	0.498047
163.991087913513	250164479.7505	20000000.012	17996442.612	0.500488
164.989490032196	250164479.74975	20000000.1810001	18022046.933	0.494385
166.00349187851	250164479.75025	19999999.052	17999240.651	0.497437
167.001893043518	250164479.7495	20000000.91	18003870.651	0.495606
168.000294923782	250164479.7505	19999999.6390001	18005416.1289999	0.501099
168.998697042465	250164479.749	20000000.3659999	18020405.9430001	0.502319
169.997098922729	250164479.75125	19999999.704	18008175.433	0.491943
170.995499849319	250164479.74925	20000000.3660001	18016764.367	0.499268
171.993901968002	250164479.7505	19999998.965	18021519.7310001	0.497437
172.992303848267	250164479.75025	20000000.3649999	18022758.948	0.50354
173.990705966949	250164479.74975	19999999.888	18039396.642	0.498047
174.989106893539	250164479.7495	20000000.625	18061370.5550001	0.50293
176.003108978271	250164479.75	20000000.498	18067068.201	0.496216
177.001510858536	250164479.7505	19999999.6850001	18018605.114	0.494995
177.999912977219	250164479.7495	19999998.8279999	18072633.429	0.494995
178.998313903809	250164479.75075	20000000.099	18051295.5550001	0.494385
179.996716022491	250164479.74925	20000000.194	18038416.2609999	0.502319
180.995117902756	250164479.7495	20000000.577	18057936.0420001	0.499878
181.993520021439	250164479.75025	19999999.796	18032917.242	0.498657
182.991920948029	250164479.75025	20000000.222	18062846.826	0.502319
183.990322828293	250164479.7495	19999999.66	18032077.244	0.498047
184.988724946976	250164479.75075	19999999.207	18043887.8030001	0.496826
186.002727031708	250164479.7495	20000002.169	18065715.059	0.497437
187.001128911972	250164479.75075	19999998.6389999	18063112.216	0.494385
187.999529838562	250164479.75	20000001.508	18052835.994	0.491943
188.997931957245	250164479.7495	20000000.387	18044955.453	0.499268
189.996333837509	250164479.74975	19999999.0550001	18044504.158	0.491333
190.994735956192	250164479.75025	20000000.8789999	18035985.284	0.495606
191.993136882782	250164479.7505	20000000.3430001	18076870.77	0.499878
192.991539001465	250164479.74925	19999998.107	18077724.379	0.494995
193.989940881729	250164479.75025	20000002.115	18061911.956	0.498047
195.003942966461	250164479.75	19999999.125	18062862.01	0.497437
196.002343893051	250164479.75025	19999998.858	18079794.625	0.497437
197.000746011734	250164479.75	20000001.606	18077444.975	0.494385
197.999147891998	250164479.75	19999999.533	18113401.512	0.498047
198.997550010681	250164479.75	19999999.802	18085505.728	0.496216
199.995950937271	250164479.7495	19999999.78	18070463.17	0.498657
200.994352817535	250164479.7505	19999999.047	18015785.603	0.499878
201.992754936218	250164479.74975	20000001.286	18005893.56	0.495606
202.991156816483	250164479.75	19999999.131	17998352.982	0.494385
203.989557981491	250164479.74975	20000001.02	17990788.001	0.499878
205.003559827805	250164479.74975	19999999.212	17994469.235	0.496826
206.001961946487	250164479.751	20000001.164	17967892.236	0.501099
207.000363826752	250164479.749	19999999.268	18020811.263	0.505371
207.99876499176	250164479.751	20000000.811	18037243.652	0.496216
208.997166872025	250164479.74975	19999999.899	17969560.075	0.494995
209.995568990707	250164479.7495	19999998.927	17963181.256	0.501709
210.993970870972	250164479.75	20000000.523	17969632.182	0.496216
211.99237203598	250164479.75025	19999998.735	17947787.874	0.498657
212.990773916245	250164479.75025	20000001.578	17990721.775	0.494995
213.989176034927	250164479.7495	19999999.062	17990647.822	0.490723
215.003177881241	250164479.75075	20000000.065	17971344.65	0.501709
216.001579046249	250164479.7495	19999999.109	17998387.2599999	0.500488
216.999980926514	250164479.75125	20000001.605	18003399.222	0.496826
217.998383045197	250164479.74925	19999999.694	17972019.171	0.498047
218.996784925461	250164479.7505	19999999.213	17988170.4970001	0.493774
219.995185852051	250164479.74875	20000000.372	17988279.1969999	0.498657
220.993587970734	250164479.74975	19999999.3020001	17995624.385	0.497437
221.991989850998	250164479.751	20000001.378	18004568.732	0.496826
222.990391969681	250164479.75	19999999.9599999	17994806.1960001	0.491943
224.004394054413	250164479.74975	20000000.862	18016737.319	0.500488
225.002794981003	250164479.75	20000000.437	17974070.9699999	0.497437
226.001196861267	250164479.74975	20000000.299	17981188.442	0.501709
226.99959897995	250164479.75	19999999.704	18002011.529	0.498657
227.998000860214	250164479.7495	19999998.5750001	17978528.563	0.495606
228.996402025223	250164479.75075	20000001.316	18020512.1770001	0.496826
229.994803905487	250164479.75	19999998.9249999	17954305.3069999	0.495606
230.99320602417	250164479.75	19999999.757	17974133.3790001	0.498657
231.991607904434	250164479.7505	20000001.2210001	17977015.4519999	0.493774
232.990008831024	250164479.7495	20000000.1619999	17969024.2240001	0.493774
234.004010915756	250164479.74975	19999999.584	17917734.152	0.494995
235.002413034439	250164479.7495	19999998.3480001	17947580.9020001	0.496826
236.000814914703	250164479.751	20000001.067	17919864.5569999	0.495606
236.999215841293	250164479.7495	20000000.3909999	17953681.821	0.501099
237.997617959976	250164479.75	19999999.544	17945758.9230001	0.501709
238.99601984024	250164479.74975	20000001.1800001	17930803.191	0.496216
239.994421958923	250164479.75075	20000000.0089999	17941974.426	0.498657
240.992822885513	250164479.75	20000000.076	17933991.9749999	0.494385
241.991225004196	250164479.74975	19999998.796	17926019.1500001	0.499878
242.98962688446	250164479.75075	20000000.279	17945639.6389999	0.498657
244.003628969193	250164479.74875	19999999.595	17951178.3230001	0.498657
245.002029895782	250164479.75025	20000000.362	17963987.4009999	0.499878
246.000432014465	250164479.7505	20000000.811	18008425.6880001	0.494995
246.99883389473	250164479.74975	20000000.916	18022892.218	0.492554
247.997236013412	250164479.74975	19999999.215	18018965.744	0.501709
248.995636940002	250164479.7505	20000000.747	18041417.429	0.502319
249.994038820267	250164479.7495	20000000.912	18042636.495	0.493164
250.99244093895	250164479.75025	19999999.076	18047885.863	0.496826
251.990842819214	250164479.75025	19999999.73	18033838.993	0.498657
253.004843950272	250164479.74975	20000000.626	18053495.61	0.498047
254.003245830536	250164479.75	19999999.573	18069921.202	0.498657
255.001647949219	250164479.7495	19999999.177	18054259.071	0.500488
256.000049829483	250164479.75025	20000000.028	18059380.871	0.495606
256.998450994492	250164479.74925	20000000.456	18024831.533	0.497437
257.996852874756	250164479.751	20000000.515	18006121.903	0.498047
258.995254993439	250164479.75	19999998.889	18020939.657	0.497437
259.993656873703	250164479.74925	20000000.377	17974585.815	0.492554
260.992058038712	250164479.75025	20000000.411	17979670.558	0.493774
261.990459918976	250164479.751	19999999.625	17966302.765	0.50293
263.004462003708	250164479.75	20000000.831	18025792.795	0.499878
264.002863883972	250164479.7495	19999998.516	17939041.189	0.501099
265.001266002655	250164479.74975	20000000.878	17939428.737	0.495606
265.999666929245	250164479.75	20000000.393	17966418.78	0.494385
266.998069047928	250164479.75025	20000000.229	17977608.744	0.494995
267.996470928192	250164479.75	19999999.6569999	17946825.387	0.498657
268.994873046875	250164479.75	19999999.317	17969579.12	0.497437
269.993273973465	250164479.749	19999999.957	17971555.787	0.495606
270.991675853729	250164479.75075	20000000.62	17978934.367	0.498657
271.990077972412	250164479.75	19999999.394	18037794.329	0.496826
273.004079818726	250164479.74975	20000000.307	18046023.487	0.498657
274.002480983734	250164479.75	20000000.567	18007387.785	0.494995
275.000882863998	250164479.74975	19999999.6749999	18025469.335	0.497437
275.999284982681	250164479.75075	19999999.141	18066182.4130001	0.496826
276.997686862946	250164479.7495	20000000.686	18053023.666	0.495606
277.996088027954	250164479.751	20000000.452	18065824.163	0.499878
278.994489908218	250164479.7495	19999999.5749999	18042974.628	0.494995
279.992892026901	250164479.7495	19999999.74	18018996.25	0.499878
280.991293907166	250164479.75	20000000.339	18027540.574	0.493774
281.989694833755	250164479.7505	20000000.163	18074046.905	0.496216
283.003696918488	250164479.75	20000000.003	18062661.202	0.494995
284.00209903717	250164479.74975	20000001.2570001	18070915.566	0.498047
285.000500917435	250164479.75025	20000000.357	18075434.86	0.496216
285.998901844025	250164479.75	19999999.101	18064253.4239999	0.499268
286.997303962708	250164479.75	20000001.257	18075717.255	0.501099
287.995705842972	250164479.74975	19999999.1600001	18051172.7180001	0.494385
288.994107961655	250164479.75075	19999999.902	18071039.799	0.498657
289.992508888245	250164479.74925	20000000.988	18061702.199	0.497437
290.990911006927	250164479.75075	19999999.101	18057221.181	0.490112
292.004912853241	250164479.7495	20000000.1110001	18075139.794	0.496826
293.003314971924	250164479.7495	19999998.8149999	18082586.523	0.494385
294.001715898514	250164479.75025	20000000.9860001	18064807.42	0.497437
295.000118017197	250164479.7505	19999999.4549999	18055755.808	0.497437
295.998519897461	250164479.75025	20000000.242	18054966.082	0.500488
296.996922016144	250164479.7495	20000000.1830001	18037464.163	0.494995
297.995322942734	250164479.74975	19999999.8679999	18055044.386	0.496216
298.993724822998	250164479.75025	19999999.794	18073380.742	0.496826
299.992126941681	250164479.75	20000000.903	18048923.493	0.487061
300.990528821945	250164479.7495	19999998.699	18017901.334	0.499268
302.004530906677	250164479.75	20000000.798	18034732.989	0.496826
303.002931833267	250164479.75	20000000.82	18032902.887	0.500488
304.00133395195	250164479.75075	20000000.054	18023071.281	0.498657
304.999735832214	250164479.75	20000000.781	18013521.82	0.496826
305.998137950897	250164479.74975	19999999.129	18060925.352	0.495606
306.996538877487	250164479.75	20000001.015	18029073.729	0.493164
307.99494099617	250164479.74975	19999999.058	17999861.209	0.499878
308.993342876434	250164479.7505	20000000.136	18016021.217	0.498047
309.991744995117	250164479.74925	19999999.787	18046174.334	0.497437
310.990145921707	250164479.75075	20000001.121	18046268.04	0.48645
312.004148006439	250164479.75025	19999999.322	18048978.884	0.494385
313.002549886703	250164479.7485	20000000.243	18047335.954	0.497437
314.000952005386	250164479.75125	20000000.127	18024077.24	0.493774
314.999352931976	250164479.75	20000000.915	18033726.851	0.494385
315.997755050659	250164479.75	19999998.447	18023303.066	0.494995
316.996156930923	250164479.7495	20000000.502	18039294.311	0.491943
317.994559049606	250164479.7505	20000000.169	18039575.558	0.498047
318.992959976196	250164479.74975	20000000.297	18035809.51	0.494385
319.991361856461	250164479.74925	19999999.318	18024931.94	0.496216
321.005363941193	250164479.7505	20000000.272	18035197.313	0.497437
322.003765821457	250164479.75075	20000000.669	18015450.558	0.495606
323.002166986465	250164479.74925	19999999.851	18050961.793	0.498047
324.00056886673	250164479.75	19999999.469	18068437.762	0.496826
324.998970985413	250164479.74975	19999999.873	18041044.285	0.495606
325.997372865677	250164479.751	20000000.557	18016633.133	0.499878
326.995774030685	250164479.749	19999998.77	17997603.402	0.497437
327.99417591095	250164479.7505	20000001.719	17986002.769	0.491333
328.992578029633	250164479.75	19999998.6140001	18034714.34	0.498657
329.990979909897	250164479.75	20000000.4629999	18048854.616	0.493774
331.004981040955	250164479.7495	20000000.334	18013034.789	0.497437
332.003382921219	250164479.75	19999999.368	18031574.381	0.494995
333.001785039902	250164479.7505	20000001.699	18068503.292	0.496826
334.000186920166	250164479.75025	19999999.044	17996587.583	0.50354
334.998587846756	250164479.74925	20000000.0699999	18028302.982	0.48645
335.996989965439	250164479.75025	19999999.479	18072139.176	0.493164
336.995391845703	250164479.7505	20000000.8440001	18079459.0220001	0.497437
337.993793964386	250164479.749	19999999.147	18042002.979	0.499268
338.992194890976	250164479.75	20000001.2920001	18051802.6999999	0.496216
339.990597009659	250164479.7505	19999998.806	18069434.3640001	0.493164
341.004598855972	250164479.751	20000000.0869999	18079020.5189999	0.496826
342.003000974655	250164479.74875	20000000.2410001	18056568.028	0.498657
343.001402854919	250164479.75	19999999.895	18059708.5730001	0.495606
343.999804019928	250164479.7505	20000000.439	18019632.558	0.490723
344.998205900192	250164479.75025	19999999.6670001	18004259.243	0.496216
345.996608018875	250164479.74975	20000000.418	18019914.064	0.496826
346.995009899139	250164479.74975	19999998.811	17977221.1639999	0.500488
347.993410825729	250164479.75075	20000000.581	18001519.2180001	0.501099
348.991812944412	250164479.74925	19999999.5010001	17965146.568	0.500488
350.005815029144	250164479.75	20000000.451	17904619.149	0.500488
351.004216909409	250164479.7495	19999999.757	17960260.2639999	0.500488
352.002617835999	250164479.75125	20000001.3100001	17988777.8050001	0.499268
353.001019954681	250164479.74925	19999998.8549999	17963178.926	0.494995
353.999421834946	250164479.74975	19999999.743	17941316.365	0.497437
354.997823953629	250164479.75025	19999999.742	17992072.573	0.498657
355.996224880219	250164479.75	20000001.996	17950936.762	0.504761
356.994626998901	250164479.7505	19999998.498	17950054.21	0.495606
357.993028879166	250164479.74975	19999999.828	17926405.666	0.501099
358.991430997849	250164479.75	20000000.311	17901494.117	0.498047
360.005431890488	250164479.7505	20000000.103	17911284.971	0.487671
361.003834009171	250164479.749	19999999.112	17935230.319	0.494995
362.002235889435	250164479.75075	20000001.208	17923262.896	0.498657
363.000638008118	250164479.74925	20000000.618	17933739.686	0.497437
363.999038934708	250164479.751	19999999.077	17896462.2080001	0.498657
364.997441053391	250164479.74925	20000001.589	17914960.367	0.494995
365.995842933655	250164479.7505	19999999.598	17930326.902	0.498657
366.994245052338	250164479.74975	20000000.399	17903134.308	0.493164
367.992645978928	250164479.74925	20000001.104	17899101.471	0.498657
368.991047859192	250164479.7505	19999999.827	17930547.416	0.491943
370.005049943924	250164479.74975	19999999.406	17901611.519	0.496216
371.003451824188	250164479.75	19999999.694	17899170.729	0.488892
372.001852989197	250164479.7505	20000000.693	17936096.92	0.500488
373.000254869461	250164479.75	19999999.211	17938615.769	0.499268
373.998656988144	250164479.75	20000000.708	17944804.949	0.498047
374.997058868408	250164479.74975	20000000.094	17924900.984	0.498047
375.995460033417	250164479.7495	19999999.012	17914242.463	0.498657
376.993861913681	250164479.751	20000000.09	17895764.606	0.498047
377.992264032364	250164479.74975	20000001.176	17913768.523	0.495606
379.006265878677	250164479.75	19999999.068	17932198.325	0.501099
380.00466799736	250164479.75	19999999.348	17916842.752	0.493774
381.00306892395	250164479.7505	20000000.46	17857614.658	0.501099
382.001471042633	250164479.74975	20000000.702	17908712.998	0.498047
382.999872922897	250164479.75	20000000.559	17885296.684	0.50293
383.99827504158	250164479.74925	19999999.617	17846201.828	0.497437
384.99667596817	250164479.75	19999999.374	17946729.8250001	0.494385
385.995077848434	250164479.7505	20000000.322	17916398.042	0.50354
386.993479967117	250164479.7495	20000000.25	17882101.817	0.50415
387.991881847382	250164479.75025	20000000.205	17927512.239	0.501099
389.005882978439	250164479.75025	19999999.691	17934333.334	0.499878
390.004284858704	250164479.7495	19999998.652	17969587.339	0.494385
391.002686977386	250164479.75	20000000.8250001	17941148.604	0.494385
392.001088857651	250164479.7505	20000000.448	17912736.559	0.498047
392.999490022659	250164479.75	19999998.6720001	17928056.219	0.494995
393.997891902924	250164479.75	20000001.13	17909543.368	0.501099
394.996294021606	250164479.74975	19999999.897	17926000.253	0.495606
395.994695901871	250164479.75	20000000.2000001	17937030.924	0.498047
396.993096828461	250164479.75	20000000.372	17905721.62	0.491943
397.991498947144	250164479.75	19999999.5750001	17933595.88	0.497437
399.005501031876	250164479.75	20000000.7529999	17934564.528	0.490723
400.00390291214	250164479.7505	19999999.827	17936723.5569999	0.499878
401.00230383873	250164479.74925	19999998.931	17953381.7030001	0.501099
402.000705957413	250164479.75025	20000000.8610001	17892091.466	0.493164
402.999107837677	250164479.75	19999998.73	17900300.306	0.495606
403.99750995636	250164479.75	20000000.785	17853894.9630001	0.496216
404.99591088295	250164479.7495	19999999.517	17874756.467	0.501099
405.994313001633	250164479.75075	20000000.934	17914673.821	0.497437
406.992714881897	250164479.7495	19999999.821	17956648.2819999	0.499268
408.006716966629	250164479.7505	19999998.597	17842956.021	0.491943
409.005117893219	250164479.75	20000001.553	17855447.58	0.496216
410.003520011902	250164479.74925	20000000.051	17892403.446	0.501709
411.001921892166	250164479.7505	19999999.669	17890014.479	0.495606
412.000324010849	250164479.74975	19999999.774	17836282.885	0.491333
412.998724937439	250164479.75075	20000001.85	17828295.414	0.493164
413.997126817703	250164479.74875	19999999.598	17796569.375	0.491333
414.995528936386	250164479.7515	19999999.674	17785642.683	0.495606
415.99393081665	250164479.7495	20000000.016	17788819.283	0.496216
416.992331981659	250164479.75	19999999.859	17793197.517	0.494385
418.006333827972	250164479.75	19999999.937	17940254.5710001	0.491333
419.004735946655	250164479.75025	20000000.628	18016369.2359999	0.50415
420.00313782692	250164479.74975	19999999.919	18012690.072	0.502319
421.001539945602	250164479.75	19999999.431	18036413.987	0.498657
421.999940872192	250164479.7495	19999999.5050001	18045970.9910001	0.494995
422.998342990875	250164479.7505	20000000.767	17970019.1839999	0.492554
423.99674487114	250164479.74975	20000000.282	17940919.788	0.498657
424.995146989822	250164479.7505	19999999.323	17952420.3690001	0.496216
425.993547916412	250164479.74875	20000001.151	17955077.014	0.501099
426.991950035095	250164479.75125	20000000.0190001	17942341.969	0.498657
428.005951881409	250164479.74975	19999999.538	17856897.043	0.494385
429.004354000092	250164479.75025	19999999.823	17941044.878	0.493164
430.002754926682	250164479.74975	19999999.757	17950211.326	0.501099
431.001157045364	250164479.74925	19999999.758	17923134.54	0.496826
431.999558925629	250164479.751	20000000.598	17908272.412	0.493164
432.997961044312	250164479.75	20000000.278	17902108.967	0.493164
433.996361970901	250164479.74925	19999998.892	17918718.398	0.50293
434.994763851166	250164479.75025	20000000.8150001	17914493.922	0.502319
435.993165969849	250164479.75025	19999999.613	17930884.514	0.494385
437.007168054581	250164479.75	19999999.966	17935376.758	0.492554
438.005568981171	250164479.75	20000000.115	17964669.806	0.494995
439.003970861435	250164479.74925	20000000.099	17933358.913	0.499268
440.002372980118	250164479.7505	19999999.301	17966514.133	0.491333
441.000774860382	250164479.75075	20000000.48	17932881.399	0.496826
441.999176025391	250164479.749	19999999.587	17889026.225	0.498047
442.997577905655	250164479.75075	20000001.416	17894680.482	0.499268
443.995980024338	250164479.74975	19999999.277	17897257.963	0.492554
444.994381904602	250164479.75025	19999999.349	17905838.391	0.497437
445.992782831192	250164479.74975	20000000.464	17860838.046	0.494385
447.006784915924	250164479.75025	20000000.4150001	17881424.201	0.496216
448.005187034607	250164479.7495	19999999.9189999	17938726.173	0.499268
449.003588914871	250164479.75	19999999.3800001	17929727.929	0.497437
450.001989841461	250164479.74975	20000000.8169999	17901825.737	0.492554
451.000391960144	250164479.75075	19999998.3740001	17886354.557	0.496216
451.998793840408	250164479.7495	20000000.5979999	17904620.783	0.494995
452.997195959091	250164479.7505	20000000.084	17923294.445	0.492554
453.995596885681	250164479.74975	20000000.1190001	17922574.05	0.496826
454.993999004364	250164479.74975	20000000.8219999	17946228.8890001	0.498047
455.992400884628	250164479.7505	19999999.7190001	17944760.1179999	0.501099
457.00640296936	250164479.74875	20000000.5879999	17911496.3660001	0.494995
458.004804849625	250164479.75125	19999999.507	17930622.555	0.497437
459.003206014633	250164479.749	19999999.22	17905244.625	0.498657
460.001607894897	250164479.75025	20000000.2310001	17910932.599	0.497437
461.00001001358	250164479.75075	20000000.17	17901383.755	0.493774
461.998411893845	250164479.75	19999999.973	17892093.1880001	0.493774
462.996812820435	250164479.74975	20000002.471	17927827.943	0.491943
463.995214939117	250164479.7505	20000000.138	17889838.633	0.496826
464.993616819382	250164479.74875	19999999.068	17896982.428	0.498047
465.992018938065	250164479.75075	20000001.122	17860022.5730001	0.500488
467.006019830704	250164479.74975	20000000.375	17891377.214	0.499878
468.004421949387	250164479.75025	20000000.524	17913116.4	0.490723
469.002823829651	250164479.74975	19999999.546	17884939.49	0.498047
470.001225948334	250164479.75025	19999999.172	17895133.725	0.499268
470.999626874924	250164479.74925	20000000.886	17897939.0089999	0.493164
471.998028993607	250164479.751	19999999.558	17884965.4760001	0.495606
472.996430873871	250164479.7495	19999999.926	17886661.0569999	0.498657
473.994832992554	250164479.75075	20000000.891	17912510.875	0.496826
474.993233919144	250164479.75025	19999999.614	17901587.9860001	0.502319
476.007236003876	250164479.7495	20000000.054	17867290.54	0.499878
477.00563788414	250164479.74875	19999998.594	17884528.8150001	0.50354
478.004040002823	250164479.75125	20000001.374	17884209.635	0.500488
479.002440929413	250164479.75025	20000000.063	17908447.49	0.500488
480.000843048096	250164479.75	20000000.433	17881946.339	0.494995
480.99924492836	250164479.74875	19999999.543	17902446.018	0.494385
481.997647047043	250164479.75125	20000000.408	17918733.2079999	0.496826
482.996047973633	250164479.74925	20000001.003	17893474.37	0.497437
483.994449853897	250164479.7505	19999999.827	17895580.133	0.495606
484.99285197258	250164479.75	19999998.6770001	17916586.283	0.496216
486.006853818893	250164479.7495	20000000.626	17850902.754	0.495606
487.005254983902	250164479.75025	19999999.447	17870992.448	0.498657
488.003656864166	250164479.75025	19999999.987	17895964.008	0.496216
489.002058982849	250164479.75075	20000000.793	17910429.477	0.493774
490.000460863113	250164479.74875	19999999.888	17914471.812	0.497437
490.998862028122	250164479.75025	20000000.8540001	17917036.557	0.494385
491.997263908386	250164479.74975	19999999.237	17885918.397	0.501099
492.995666027069	250164479.75	19999999.7359999	17880156.661	0.493774
493.994067907333	250164479.75	20000000.899	17879773.157	0.496826
494.992468833923	250164479.75025	19999998.868	17910119.866	0.494385
496.006470918655	250164479.75075	20000001.0039999	17905203.103	0.493164
497.004873037338	250164479.74875	19999998.995	17909425.606	0.496216
498.003274917603	250164479.7505	20000001.063	17901980.727	0.493164
499.001677036285	250164479.75	19999998.939	17873287.632	0.494995
500.000077962875	250164479.7495	20000000.354	17841538.566	0.494995
500.99847984314	250164479.75025	20000000.388	17900149.387	0.50293
501.996881961823	250164479.7505	19999999.857	17884152.1	0.498657
502.995283842087	250164479.74875	19999999.138	17886748.236	0.493164
503.993685007095	250164479.75	20000001.077	17902879.545	0.492554
505.007686853409	250164479.75075	19999999.89	17918722.138	0.496216
506.006088972092	250164479.74975	19999999.507	17920567.366	0.498657
507.004490852356	250164479.7505	20000001.289	17934057.89	0.499268
508.002892017365	250164479.75	19999998.8760001	17920875.232	0.500488
509.001293897629	250164479.7495	20000002.6289999	17919408.5050001	0.496216
509.999696016312	250164479.75025	19999998.9860001	17901705.489	0.500488
510.998097896576	250164479.7505	20000000.836	17944026.81	0.498657
511.996498823166	250164479.74925	19999999.321	17945656.816	0.500488
512.994900941849	250164479.74975	20000000.857	17938890.218	0.496826
513.993302822113	250164479.75075	19999998.7180001	17857203.285	0.501709
515.007304906845	250164479.75	20000000.112	17971238.824	0.499878
516.005705833435	250164479.74975	20000002.036	17939971.119	0.494995
517.004107952118	250164479.75	20000000.309	17952912.1750001	0.498047
518.002509832382	250164479.75025	20000000.97	17936073.9779999	0.494995
519.000911951065	250164479.75025	19999998.89	17939778.799	0.494385
519.999312877655	250164479.7495	19999999.316	17947184.8050001	0.493774
520.997714996338	250164479.7505	20000000.117	17966009.964	0.497437
521.996116876602	250164479.75025	20000000.074	17969325.842	0.496826
522.994518995285	250164479.74875	19999999.19	17964152.028	0.494995
523.992919921875	250164479.7505	19999999.653	17976023.2199999	0.499878
525.006922006607	250164479.74975	20000001.065	17992612.62	0.495606
526.005323886871	250164479.75025	20000000.562	17965859.7160001	0.502319
527.003726005554	250164479.75	19999999.885	17980878.5009999	0.494385
528.002126932144	250164479.75	19999999.578	17983964.663	0.501099
529.000529050827	250164479.75025	20000001.543	17995123.102	0.491333
529.998930931091	250164479.7495	19999998.715	17976716.2110001	0.499268
530.997333049774	250164479.75025	20000000.226	17971742.1639999	0.499268
531.995733976364	250164479.75	19999999.563	17962540.9050001	0.498657
532.994135856628	250164479.7505	20000000.413	17936874.089	0.488281
534.00813794136	250164479.74975	20000001.521	17982088.023	0.491333
535.006539821625	250164479.7505	19999997.927	17992570.586	0.493774
536.004941940308	250164479.749	20000001.206	17987329.364	0.501709
537.003342866898	250164479.75025	20000000.647	17966178.118	0.496826
538.00174498558	250164479.74975	19999999.303	17924858.472	0.50293
539.000146865845	250164479.75	19999999.892	17975865.732	0.501099
539.998548984528	250164479.751	20000000.906	17959882.026	0.496826
540.996949911118	250164479.74875	19999998.403	17976772.441	0.501099
541.9953520298	250164479.75025	20000000.466	17980144.9730001	0.497437
542.993753910065	250164479.75025	20000000.5660001	17970968.9169999	0.488892
544.007755994797	250164479.7505	19999999.5869999	17968948.7670001	0.498047
545.006156921387	250164479.7495	20000000.179	17957498.9469999	0.497437
546.00455904007	250164479.75	20000000.368	17972473.73	0.495606
547.002960920334	250164479.75025	19999999.628	17951727.619	0.494995
548.001363039017	250164479.7495	19999999.493	17947264.174	0.497437
548.999763965607	250164479.75	20000000.14	17928147.128	0.498657
549.998165845871	250164479.7505	20000000.742	17964588.859	0.495606
550.996567964554	250164479.74975	19999999.0289999	17926832.168	0.499878
551.994969844818	250164479.74975	20000000.182	17950744.896	0.495606
552.993371009827	250164479.75025	19999999.785	17981435.56	0.502319
554.00737285614	250164479.7505	20000000.6570001	17971029.417	0.499268
555.005774974823	250164479.75025	19999999.919	17974572.771	0.492554
556.004176855087	250164479.74925	19999999.387	17960689.072	0.501099
557.002578020096	250164479.75025	20000001.467	17986853.772	0.499268
558.00097990036	250164479.7495	19999999.641	17952118.365	0.493164
558.999382019043	250164479.7505	20000000.3349999	17946370.321	0.499878
559.997783899307	250164479.74875	19999998.83	17970049.644	0.496826
560.996184825897	250164479.751	20000001.9959999	17927059.483	0.496826
561.99458694458	250164479.7505	19999998.7290001	17946240.639	0.494385
563.008589029312	250164479.74925	19999999.3329999	17954208.971	0.495606
564.006990909576	250164479.75075	20000000.3510001	17974693.461	0.498047
565.005391836166	250164479.74875	19999999.903	17978816.3369999	0.490723
566.003793954849	250164479.7505	19999999.0289999	17942163.526	0.498657
567.002195835114	250164479.75025	20000000.862	17971744.558	0.496826
568.000597953796	250164479.75025	19999999.957	17949864.087	0.50415
568.998998880386	250164479.74975	20000000.435	17943993.989	0.494385
569.997400999069	250164479.75025	19999999.22	17924668.516	0.496216
570.995802879334	250164479.7505	19999999.33	17930738.938	0.496826
571.994204998016	250164479.749	20000001.178	17929599.554	0.496216
573.00820684433	250164479.751	20000000.451	17945835.783	0.494385
574.006608009338	250164479.7495	20000000.281	17961955.611	0.490723
575.005009889603	250164479.74975	19999999.19	17976541.206	0.496826
576.003412008286	250164479.74975	19999999.769	18007585.267	0.492554
577.00181388855	250164479.75025	20000000.886	17992810.105	0.502319
578.000215053558	250164479.75025	19999998.843	17972172.721	0.496216
578.998616933823	250164479.75025	20000000.241	18006043.959	0.499878
579.997019052505	250164479.7495	20000000.102	17995585.036	0.501099
580.99542093277	250164479.75	20000000.014	18010014.99	0.496826
581.99382185936	250164479.74975	19999999.656	18012447.285	0.497437
583.007823944092	250164479.7505	20000000.714	17968776.493	0.492554
584.006225824356	250164479.74975	19999999.794	17983333.566	0.494385
585.004627943039	250164479.7505	20000001.576	17948281.168	0.496826
586.003028869629	250164479.75	19999999.443	17934007.324	0.490723
587.001430988312	250164479.7495	19999999.706	17948493.08	0.491943
587.999832868576	250164479.74975	19999999.679	17978602.234	0.495606
588.998234987259	250164479.75075	19999999.258	17903423.822	0.495606
589.996635913849	250164479.749	20000000.227	17925482.182	0.499878
590.995038032532	250164479.75075	20000001.198	17908601.841	0.498047
592.009039878845	250164479.7495	19999999.4159999	17898674.564	0.496826
593.007441997528	250164479.7505	19999999.449	17919647.49	0.499268
594.005842924118	250164479.7485	19999999.954	17937683.3069999	0.501709
595.004245042801	250164479.75125	20000000.78	17941895.5930001	0.491943
596.002646923065	250164479.75	19999998.304	17894734.028	0.495606
597.001049041748	250164479.75025	20000000.3560001	17899204.633	0.499268
597.999449968338	250164479.75	20000000.271	17901861.082	0.496826
598.997851848602	250164479.74925	20000000.344	17905190.202	0.499268
599.996253967285	250164479.75025	19999999.7509999	17893895.5719999	0.496826
600.994655847549	250164479.74975	19999999.3480001	17867775.638	0.499268
602.008656978607	250164479.7505	20000000.554	17871928.939	0.492554
603.007058858871	250164479.75025	20000000.811	17898838.431	0.494995
604.005460977554	250164479.75025	19999999.482	17913779.312	0.493164
605.003862857819	250164479.7495	20000000.332	17921261.551	0.487671
606.002264022827	250164479.75025	19999999.4119999	17888225.952	0.491333
607.000665903091	250164479.75	20000000.483	17882824.976	0.498657
607.999068021774	250164479.75	20000000.298	17888222.809	0.499878
608.997469902039	250164479.74975	20000000.131	17914674.069	0.498657
609.995870828629	250164479.75	20000000.497	17882543.685	0.494995
610.994272947311	250164479.75	20000002.224	17890331.876	0.498657
612.008275032043	250164479.75025	20000000.1260001	17890206.171	0.494995
613.006676912308	250164479.75	19999999.6109999	17896728.793	0.493774
614.005079030991	250164479.75	19999999.413	17915084.865	0.498047
615.003479957581	250164479.75025	20000000.811	17868633.331	0.501709
616.001881837845	250164479.74925	19999999.327	17906370.208	0.50293
617.000283956528	250164479.75	20000001.127	17901329.873	0.499268
617.998685836792	250164479.75075	19999999.71	17886373.535	0.492554
618.997087001801	250164479.7495	20000001.045	17872500.28	0.495606
619.995488882065	250164479.74975	20000000.682	17853582.05	0.497437
620.993891000748	250164479.7495	20000000.728	17864297.957	0.497437
622.007892847061	250164479.75025	20000000.444	17891334.479	0.489502
623.00629401207	250164479.75025	19999999.27	17871117.266	0.497437
624.004695892334	250164479.75025	20000001.187	17872369.684	0.496826
625.003098011017	250164479.75	20000000.069	17894038.921	0.498657
626.001499891281	250164479.75025	20000000.706	17888041.936	0.501099
626.999900817871	250164479.7495	19999999.182	17848584.323	0.491943
627.998302936554	250164479.7505	20000000.986	17891178.042	0.496216
628.996704816818	250164479.75	19999999.685	17884744.145	0.495606
629.995106935501	250164479.7505	20000000.575	17867167.004	0.499878
631.00910782814	250164479.7495	20000000.784	17908026.323	0.498047
632.007509946823	250164479.75	20000000.111	17923880.157	0.490723
633.005911827087	250164479.75025	19999998.516	17888110.334	0.490112
634.00431394577	250164479.7495	20000000.778	17863439.933	0.498047
635.00271487236	250164479.75075	19999999.156	17900189.431	0.498657
636.001116991043	250164479.7495	20000001.536	17887973.2690001	0.498657
636.999518871307	250164479.7495	20000000.788	17873213.785	0.493774
637.99792098999	250164479.751	19999999.904	17878209.475	0.501709
638.99632191658	250164479.74975	19999999.302	17862588.793	0.496826
639.994724035263	250164479.7495	19999999.987	17899922.6869999	0.496216
641.008725881577	250164479.75	20000001.633	17875534.4580001	0.50415
642.007128000259	250164479.7505	19999999.458	17868115.028	0.494995
643.005528926849	250164479.74975	20000000.266	17885608.061	0.496826
644.003931045532	250164479.74975	20000001	17869571.9	0.496216
645.002332925797	250164479.75025	20000000.021	17876666.107	0.496216
646.000735044479	250164479.75	19999999.658	17866873.513	0.493774
646.999135971069	250164479.75	20000001.399	17910362.5960001	0.498047
647.997537851334	250164479.75	19999999.993	17862476.8279999	0.493774
648.995939970016	250164479.75	20000000.0049999	17832923.109	0.494995
649.994341850281	250164479.74975	19999999.6670001	17864999.9630001	0.499268
651.008343935013	250164479.7505	20000000.365	17877080.974	0.498657
652.006744861603	250164479.74925	19999999.508	17935868.142	0.50293
653.005146980286	250164479.75025	20000000.3709999	17949441.526	0.499878
654.00354886055	250164479.7505	20000000.291	17956064.184	0.499878
655.001950979233	250164479.7495	20000000.426	17903621.909	0.493164
656.000351905823	250164479.75	19999999.568	17886053.4469999	0.499268
656.998754024506	250164479.75025	19999999.85	17933092.86	0.498657
657.99715590477	250164479.75	20000000.9990001	17917122.1090001	0.490112
658.995558023453	250164479.75	20000000.5799999	17896931.2119999	0.498047
660.009558916092	250164479.75	19999999.067	17937546.6850001	0.493774
661.007961034775	250164479.74925	20000000.824	17938012.186	0.490723
662.006362915039	250164479.75075	20000001.524	17953647.174	0.496826
663.004765033722	250164479.74975	19999999.5089999	17973402.6669999	0.498047
664.003165960312	250164479.74975	20000000.347	17932208.852	0.496216
665.001567840576	250164479.7505	20000000.09	17981909.204	0.498657
665.999969959259	250164479.75025	19999999.1259999	17949849.999	0.497437
666.998371839523	250164479.75	20000001.1220001	17899964.588	0.494385
667.996773004532	250164479.75025	19999999.201	17925091.865	0.497437
668.995174884796	250164479.74925	19999999.4319999	17929600.292	0.497437
670.009176969528	250164479.75	20000000.681	17914385.759	0.496826
671.007578849792	250164479.75075	20000000.2290001	17885663.872	0.496826
672.005980014801	250164479.74925	20000000.311	17929863.363	0.499268
673.004381895065	250164479.75025	20000000.5829999	17936137.784	0.498047
674.002784013748	250164479.7505	19999999.002	17919969.654	0.496826
675.001185894012	250164479.7495	20000000.34	17963646.197	0.497437
675.999586820602	250164479.75	20000000.375	17961087.611	0.501099
676.997988939285	250164479.749	20000001.533	17960229.813	0.496826
677.99639081955	250164479.751	20000000.267	17939594.331	0.50415
678.994792938232	250164479.75	20000000.342	17967629.545	0.495606
680.008793830872	250164479.75025	19999998.673	17905733.904	0.495606
681.007195949554	250164479.7495	20000001.352	17936114.678	0.491943
682.005597829819	250164479.74975	19999998.999	17943524.866	0.494385
683.003999948502	250164479.74975	20000000.061	17917024.827	0.498657
684.002400875092	250164479.7505	19999999.554	17916816.023	0.499878
685.000802993774	250164479.75	20000001.893	17876008.174	0.493164
685.999204874039	250164479.7505	20000000.215	17881207.117	0.498657
686.997606992722	250164479.7495	19999999.274	17907985.12	0.50293
687.996007919312	250164479.75	20000000.666	17901718.114	0.501709
689.010010004044	250164479.75	20000001.762	17892688.821	0.494995
690.008411884308	250164479.7495	19999998.536	17877905.129	0.490112
691.006814002991	250164479.7505	20000001.038	17892969.893	0.496826
692.005215883255	250164479.7495	19999999.734	17929536.416	0.493164
693.003617048264	250164479.75025	20000000.908	17915594.655	0.496216
694.002018928528	250164479.75	19999999.109	17923665.074	0.501099
695.000421047211	250164479.751	20000001.109	17927499.501	0.497437
695.998822927475	250164479.75025	19999999.192	17895221.733	0.496216
696.997223854065	250164479.74975	20000001.005	17893042.354	0.501099
697.995625972748	250164479.74925	19999999.112	17906885.454	0.499268
699.009627819061	250164479.7495	19999999.445	17848900.0960001	0.494995
700.008029937744	250164479.75125	20000000.52	17853258.7789999	0.498657
701.006430864334	250164479.74975	19999999.859	17821099.5470001	0.488281
702.004832983017	250164479.7495	20000001.136	17873749.712	0.498047
703.003234863281	250164479.7505	19999999.24	17897640.5519999	0.501099
704.001636981964	250164479.75	20000000.72	17865140.656	0.498657
705.000037908554	250164479.75	19999998.974	17827991.0090001	0.496826
705.998440027237	250164479.74925	20000000.1079999	17860907.3039999	0.50293
706.996841907501	250164479.75	20000000.207	17872486.896	0.494995
707.995244026184	250164479.7505	20000000.159	17879879.9960001	0.496216
709.009244918823	250164479.75	19999999.591	17846847.707	0.499878
710.007647037506	250164479.749	20000000.324	17861800.7379999	0.491333
711.00604891777	250164479.7505	20000000.204	17827763.2820001	0.496826
712.004451036453	250164479.7495	20000000.952	17851892.7819999	0.498047
713.002851963043	250164479.75075	19999999.857	17866300.569	0.494385
714.001253843308	250164479.74975	19999999.595	17865904.7640001	0.496826
714.99965596199	250164479.7515	19999999.92	17875319.074	0.501099
715.998057842255	250164479.74925	20000000.278	17857364.554	0.491333
716.996459007263	250164479.74925	20000002.141	17874079.622	0.498657
718.010460853577	250164479.75025	19999999.123	17858581.8019999	0.490723
719.00886297226	250164479.75025	20000000.946	17855005.702	0.498657
720.007264852524	250164479.7505	19999999.034	17878099.595	0.494385
721.005666017532	250164479.75	20000001.576	17883223.271	0.496826
722.004067897797	250164479.749	20000000.403	17850386.9779999	0.498047
723.002470016479	250164479.75	20000001.174	17850595.2950001	0.498047
724.000871896744	250164479.74975	19999999.48	17849662.2759999	0.501099
724.999272823334	250164479.75075	19999999.719	17887910.4530001	0.495606
725.997674942017	250164479.74975	20000000.493	17843934.882	0.496216
726.996076822281	250164479.75025	20000001.2559999	17841299.841	0.499268
728.010078907013	250164479.75	20000000.803	17866297.852	0.494995
729.008481025696	250164479.75075	19999998.733	17850177.452	0.494385
730.006881952286	250164479.7485	20000002.069	17876548.268	0.491333
731.00528383255	250164479.7505	19999998.847	17859018.579	0.495606
732.003685951233	250164479.75	19999999.82	17893261.023	0.500488
733.002087831497	250164479.75	20000001.006	17876186.803	0.492554
734.000488996506	250164479.75025	19999999.551	17842978.4	0.492554
734.99889087677	250164479.74975	20000000.61	17888549.856	0.499268
735.997292995453	250164479.7495	19999999.858	17877511.753	0.498047
736.995694875717	250164479.75125	20000000.024	17888829.159	0.495606
738.009696006775	250164479.749	20000000.882	17893379.76	0.498657
739.008097887039	250164479.7505	19999999.967	17880684.467	0.498657
740.006500005722	250164479.7505	20000000.811	17921210.716	0.498657
741.004901885986	250164479.74925	19999998.707	17887477.3	0.494995
742.003303050995	250164479.75	19999999.887	17883990.606	0.498047
743.001704931259	250164479.7505	20000001.033	17833304.756	0.488892
744.000107049942	250164479.7495	20000001.605	17868689.874	0.491333
744.998508930206	250164479.75025	19999999.601	17870272.911	0.499268
745.996909856796	250164479.74975	20000000.236	17894373.234	0.490723
747.010911941528	250164479.75025	20000000.279	17857829.588	0.493774
748.009313821793	250164479.749	20000002.0010001	17894771.265	0.492554
749.007715940475	250164479.7515	20000001.426	17831654.767	0.499268
750.006116867065	250164479.74925	19999999.434	17890402.836	0.494995
751.004518985748	250164479.75	20000001.266	17836569.432	0.501099
752.002920866013	250164479.7505	20000002.464	17926164.224	0.501099
753.001322984695	250164479.74975	20000002.547	18004743.395	0.500488
753.999723911285	250164479.75075	19999999.492	17960474.774	0.496826
754.998126029968	250164479.74875	20000001.44	17966742.5	0.492554
755.996527910233	250164479.74975	19999999.992	17991723.345	0.491943
757.010529994965	250164479.75125	20000000.193	17977085.976	0.498657
758.008930921555	250164479.74975	20000000.279	18037748.576	0.490723
759.007333040237	250164479.749	20000000.564	18052103.8020001	0.499268
760.005734920502	250164479.75075	19999999.9649999	17999358.112	0.495606
761.004137039185	250164479.7495	20000000.6960001	17968458.006	0.495606
762.002537965775	250164479.7505	19999999.9089999	17959588.8299999	0.490723
763.000939846039	250164479.7495	19999999.4200001	17996967.0810001	0.500488
763.999341964722	250164479.75075	20000000.395	17982291.4209999	0.496826
764.997743844986	250164479.7495	20000000.313	18033709.779	0.487671
765.996145009995	250164479.751	20000002.832	17991443.568	0.501099
767.010146856308	250164479.74875	19999999.597	17964851.847	0.496826
768.008548974991	250164479.751	20000001.154	17971990.7290001	0.496216
769.006950855255	250164479.749	19999999.819	17946978.3629999	0.496216
770.005352973938	250164479.75025	20000000.4799999	17944066.784	0.490723
771.003753900528	250164479.75	19999999.3250001	17951839.507	0.500488
772.002156019211	250164479.74975	20000001.166	17963702.98	0.499878
773.000557899475	250164479.75025	20000000.873	17971943.795	0.497437
773.998960018158	250164479.7505	20000000.5599999	17952729.225	0.501709
774.997360944748	250164479.749	20000000.8840001	17946598.951	0.494385
776.01136302948	250164479.75075	20000001.263	17967966.7800001	0.493774
777.009764909744	250164479.7505	20000000.1229999	17969841.67	0.499878
778.008167028427	250164479.74975	19999999.345	17947222.02	0.496216
779.006567955017	250164479.7495	20000000.0140001	17984037.46	0.492554
780.004969835281	250164479.74975	20000000.79	17981854.559	0.493774
781.003371953964	250164479.75025	20000001.0520001	17970423.613	0.498047
782.001773834229	250164479.74975	19999999.6439999	18000388.423	0.495606
783.000174999237	250164479.751	20000000.732	17995644.3379999	0.496826
783.998576879501	250164479.7495	20000000.2	17987507.058	0.494995
784.996978998184	250164479.7495	19999999.411	17994146.6170001	0.496216
786.010980844498	250164479.7505	20000000.106	17982130.927	0.496216
787.009382009506	250164479.75	20000000.568	17959780.133	0.493164
788.007783889771	250164479.75	20000001.327	17980925.35	0.50354
789.006186008453	250164479.74925	19999999.376	18000976.942	0.490723
790.004587888718	250164479.752	20000000.188	18003372.451	0.498047
791.002989053726	250164479.74875	20000000.602	17984581.11	0.496826
792.00139093399	250164479.74925	19999998.936	17994670.294	0.499268
792.999793052673	250164479.7505	20000001.265	18006889.795	0.500488
793.998194932938	250164479.75025	20000001.52	18034850.397	0.496826
794.996595859528	250164479.75025	20000000.72	17978113.541	0.498047
796.01059794426	250164479.74925	19999998.998	18033033.139	0.498657
797.008999824524	250164479.75025	20000000.477	17980605.293	0.499268
798.007401943207	250164479.74975	19999999.851	17996573.72	0.498657
799.005802869797	250164479.75025	20000000.839	18033878.59	0.500488
800.00420498848	250164479.75025	19999999.168	18001583.982	0.498047
801.002606868744	250164479.74975	20000000.954	18047657.544	0.498047
802.001008987427	250164479.75025	20000001.521	18042924.643	0.490723
802.999409914017	250164479.7495	19999998.865	18039430.173	0.492554
803.9978120327	250164479.751	20000000.646	18046874.043	0.498657
804.996213912964	250164479.74925	19999999.951	18078469.09	0.495606
806.010215997696	250164479.75075	19999999.016	18052534.337	0.498047
807.00861787796	250164479.74875	20000000.998	18060399.77	0.490723
808.007019042969	250164479.75075	19999999.933	18014872.366	0.494385
809.005420923233	250164479.75025	20000000.539	18020392.895	0.499268
810.003823041916	250164479.7505	19999999.726	18020431.013	0.497437
811.00222492218	250164479.7485	20000000.8050001	18040401.451	0.500488
812.00062584877	250164479.751	19999999.816	18053543.496	0.495606
812.999027967453	250164479.7495	20000000.602	18042559.977	0.492554
813.997429847717	250164479.74975	19999998.954	18006231.513	0.497437
815.011431932449	250164479.75025	20000000.948	18040004.0480001	0.498047
816.009832859039	250164479.7505	20000000.4840001	18019944.6769999	0.50354
817.008234977722	250164479.74925	20000000.1539999	18047706.4220001	0.496216
818.006636857986	250164479.75	19999999.7570001	18083473.6	0.493774
819.005038976669	250164479.75	19999999.181	18051615.3529999	0.493774
820.003439903259	250164479.7505	20000001.8859999	18053500.484	0.497437
821.001842021942	250164479.7495	20000002.0400001	18038835.812	0.496826
822.000243902206	250164479.75025	20000001.209	18039344.909	0.498657
822.998646020889	250164479.75025	19999999.67	18025514.969	0.495606
823.997046947479	250164479.75	20000000.3890001	18045468.295	0.492554
825.011049032211	250164479.75	20000000.0999999	18135751.505	0.491943
826.009450912476	250164479.7495	19999999.5220001	18034793.217	0.490112
827.007853031158	250164479.7495	19999999.701	18074041.1440001	0.490723
828.006253957748	250164479.75075	19999999.676	18059651.21	0.496216
829.004655838013	250164479.74975	20000000.156	18083978.961	0.494385
830.003057956696	250164479.7505	19999999.8199999	18085006.577	0.493774
831.00145983696	250164479.74975	20000001.763	18024597.6739999	0.501099
831.999861001968	250164479.74975	19999999.8230001	18035248.051	0.497437
832.998262882233	250164479.75	20000000.0749999	18048219.2550001	0.488892
833.996665000916	250164479.751	20000001.105	18072969.7609999	0.491943
835.010666847229	250164479.74925	19999999.4630001	18045911.5470001	0.498047
836.009068012238	250164479.75025	20000000.413	18086072.9119999	0.492554
837.007469892502	250164479.75	20000000.3909999	18065878.503	0.494385
838.005872011185	250164479.74975	20000002.18	18014504.021	0.492554
839.004273891449	250164479.74925	20000000.954	18039048.472	0.493774
840.002674818039	250164479.75075	19999999.914	18026977.398	0.494385
841.001076936722	250164479.7505	19999998.996	18066479.497	0.50293
841.999478816986	250164479.74975	20000000.409	18030767.488	0.496216
842.997880935669	250164479.75	20000001.594	18001354.064	0.498047
844.011883020401	250164479.7505	19999999.229	17992753.337	0.498047
845.010283946991	250164479.749	20000002.112	17985297.944	0.48584
846.008685827255	250164479.7505	20000001.2	17997286.687	0.493774
847.007087945938	250164479.7495	19999999.659	18007179.719	0.499878
848.005489826202	250164479.75025	20000001.387	17966634.97	0.491333
849.003890991211	250164479.74975	20000000.984	18029101.094	0.495606
850.002292871475	250164479.75025	19999999.066	17997488.867	0.496216
851.000694990158	250164479.75125	19999999.848	17971486.991	0.492554
851.999096870422	250164479.749	20000001.661	17990939.701	0.494385
852.997498035431	250164479.74975	20000000.059	18010084.25	0.499268
854.011499881744	250164479.74975	20000000.656	17997500.191	0.501099
855.009902000427	250164479.751	20000000.888	17970723.924	0.495606
856.008303880692	250164479.749	19999999.161	17983651.062	0.489502
857.0067050457	250164479.75025	20000000.7909999	17973254.895	0.491943
858.005106925964	250164479.74925	19999999.765	18016672.934	0.494385
859.003509044647	250164479.75125	20000001.81	17986500.526	0.491333
860.001910924912	250164479.749	20000000.87	17956288.173	0.497437
861.000311851501	250164479.75	20000003.478	18003352.379	0.498657
861.998713970184	250164479.75	20000000.419	17960342.912	0.495606
862.997115850449	250164479.75025	19999999.773	17958773.018	0.490723
864.011117935181	250164479.7505	20000000.3250001	18003078.322	0.491333
865.009518861771	250164479.75	20000001.0369999	18004369.892	0.493774
866.007920980453	250164479.75	20000002.072	18018056.063	0.498047
867.006322860718	250164479.74975	19999998.63	18001307.23	0.500488
868.004724979401	250164479.75	20000000.877	17986845.945	0.499878
869.003125905991	250164479.74975	20000000.23	17997700.825	0.493164
870.001528024673	250164479.75	20000000.649	18041406.476	0.493164
870.999929904938	250164479.75075	20000000.5089999	18012113.348	0.496216
871.998332023621	250164479.7495	20000001.179	18033991.095	0.493164
873.01233291626	250164479.75	19999999.0369999	18026988.3369999	0.488892
874.010735034943	250164479.75025	20000000.2080001	18036742.322	0.500488
875.009136915207	250164479.74975	20000000.392	17994395.3330001	0.483399
876.00753903389	250164479.75025	20000001.281	18007954.7129999	0.501099
877.00593996048	250164479.75	19999999.966	17993857.949	0.494385
878.004341840744	250164479.75	20000000.8890001	22919705.7520001	0.452271
879.002743959427	250164479.7495	20000000.398	34747777.1109999	0.527344
880.001145839691	250164479.75075	19999999.2869999	33622071.8940001	0.497437
880.9995470047	250164479.7505	20000000.853	36408681.092	0.474243
881.997948884964	250164479.74925	20000000.6900001	36528477.8839999	0.459595
883.011950969696	250164479.7505	19999999.7789999	36652267.205	0.522461
884.01035284996	250164479.74925	20000001.196	36387043.007	0.499268
885.008754968643	250164479.75	20000001.4200001	36566974.405	0.425415
886.007155895233	250164479.7495	19999999.377	36214540.683	0.463867
887.005558013916	250164479.75075	20000001.305	38143380.1060001	0.432129
888.00395989418	250164479.7505	19999998.5020001	36452868.071	0.448608
889.002362012863	250164479.74925	20000002.8199999	36445369.6060001	0.427857
890.000762939453	250164479.75025	19999999.034	42402808.42	0.479736
890.999164819717	250164479.74925	20000002.834	40524677.1669999	0.513916
891.9975669384	250164479.75025	19999999.927	23330136.395	0.466919
893.011569023132	250164479.75	20000002.186	18102141.5	0.488281
894.009969949722	250164479.7505	20000000.258	17879656.494	0.498657
895.008371829987	250164479.74975	20000000.048	17978122.747	0.493774
896.006773948669	250164479.74975	20000001.662	17982832.306	0.491943
897.005175828934	250164479.7505	20000000.523	17994215.781	0.490723
898.003576993942	250164479.7495	20000001.737	17982667.618	0.492554
899.001978874207	250164479.75025	20000000.745	17929875.992	0.493164
900.000380992889	250164479.74975	19999999.359	17952872.918	0.494995
900.998782873154	250164479.75025	20000000.314	17998636.681	0.50415
902.012784004211	250164479.75025	20000000.069	17961172.379	0.499268
903.011185884476	250164479.75025	19999999.502	17981589.698	0.493164
904.009588003159	250164479.74925	20000001.513	18001575.861	0.499878
905.007989883423	250164479.7505	19999999.125	17966063.159	0.500488
906.006391048431	250164479.7495	20000001.197	18008990.213	0.497437
907.004792928696	250164479.74925	19999999.96	17974989.831	0.488892
908.003195047379	250164479.751	20000001.105	17988639.046	0.494995
909.001596927643	250164479.75025	20000000.551	17998681.544	0.491943
909.999997854233	250164479.74975	20000001.243	17959962.302	0.493774
910.998399972916	250164479.7495	20000000.456	17976952.45	0.494995
912.012401819229	250164479.751	20000000.125	18009868.607	0.498047
913.010803937912	250164479.74975	20000001.654	18012933.501	0.495606
914.009204864502	250164479.74975	19999999.698	17992076.786	0.495606
915.007606983185	250164479.75025	20000000.32	18006463.098	0.496216
916.006008863449	250164479.75	20000000.529	18015432.581	0.495606
917.004410982132	250164479.74925	20000000.899	18010676.361	0.490112
918.002811908722	250164479.75075	20000002.227	18036513.423	0.496216
919.001214027405	250164479.74925	19999999.265	18003845.707	0.491943
919.999615907669	250164479.75075	20000003.069	17995610.372	0.496216
920.998018026352	250164479.75	19999998.737	17983212.09	0.490112
922.012019872665	250164479.7495	20000001.3169999	17986276.5719999	0.498657
923.010421037674	250164479.7505	20000000.7650001	18002102.1770001	0.492554
924.008822917938	250164479.7495	20000001.035	17956392.554	0.500488
925.007225036621	250164479.75025	20000000.02	17976742.5389999	0.487671
926.005626916885	250164479.7505	19999999.663	17962097.651	0.492554
927.004027843475	250164479.74925	20000000.02	17997633.867	0.495606
928.002429962158	250164479.74975	19999999.712	17958291.0880001	0.492554
929.000831842422	250164479.75075	20000001.069	17975038.602	0.489502
929.999233961105	250164479.75075	20000002.2130001	18001615.229	0.498047
931.013234853745	250164479.75	20000001.147	18051306.6720001	0.495606
932.011636972427	250164479.74925	20000001.2360001	18030682.0649999	0.490723
933.010038852692	250164479.75	20000002.8119999	17992672.7590001	0.493774
934.008440971375	250164479.74975	20000001.372	17986195.776	0.489502
935.006841897964	250164479.7495	20000004.447	18007407.816	0.499268
936.005244016647	250164479.75025	19999999.8150001	18021512.805	0.490112
937.003645896912	250164479.7505	20000001.1409999	18010650.426	0.496826
938.002048015594	250164479.74975	20000000.763	18027551.781	0.491333
939.000448942184	250164479.74875	20000003.4100001	18019753.659	0.491943
939.998850822449	250164479.7515	19999999.8609999	17971324.627	0.498047
941.012852907181	250164479.74925	20000000.897	17973978.252	0.498657
942.011255025864	250164479.75	19999999.1170001	17944679.1749999	0.494385
943.009655952454	250164479.75075	20000001.3279999	17949546.9400001	0.496826
944.008057832718	250164479.75	20000000.68	17981055.247	0.491943
945.006459951401	250164479.7495	20000001.704	18019202.735	0.494995
946.004861831665	250164479.751	20000001.024	17989361.6160001	0.487061
947.003262996674	250164479.749	20000000.641	17968372.688	0.490723
948.001664876938	250164479.75025	20000004.69	17978651.827	0.493164
949.000066995621	250164479.749	20000000.368	17941792.206	0.491333
949.998468875885	250164479.75125	20000004.467	17958928.733	0.493774
951.012470006943	250164479.75025	20000001.298	17968762.205	0.495606
952.010871887207	250164479.75	20000002.954	17982132.469	0.496826
953.00927400589	250164479.75	19999999.776	17942714.81	0.493774
954.007675886154	250164479.74975	20000000.579	17930944.832	0.498657
955.006077051163	250164479.75025	19999999.843	17959785.119	0.496216
956.004478931427	250164479.75	20000002.345	17950938.253	0.501099
957.00288105011	250164479.75	19999999.917	17942431.082	0.493164
958.001282930374	250164479.7495	19999999.381	17947599.823	0.501099
958.999683856964	250164479.74975	20000002.179	17957217.617	0.495606
959.998085975647	250164479.7515	19999999.957	17961946.904	0.487671
961.01208782196	250164479.7485	20000004.045	17954897.773	0.493164
962.010489940643	250164479.75	20000002.23	17945389.729	0.493164
963.008891820908	250164479.7505	20000000.338	17949140.119	0.493164
964.007292985916	250164479.7495	20000003.669	17948122.723	0.498047
965.00569486618	250164479.7505	20000000.882	17942601.695	0.491943
966.004096984863	250164479.74925	20000002.016	17939475.384	0.491943
967.002498865128	250164479.75025	19999999.9500001	17988261.188	0.494995
968.000900030136	250164479.75	20000000.059	17964331.823	0.501099
968.9993019104	250164479.75	20000000.69	17979145.8279999	0.496216
970.013303995132	250164479.75	20000003.632	17938426.756	0.499268
971.011705875397	250164479.751	20000003.489	17981414.735	0.498657
972.010107040405	250164479.7495	20000000.9940001	17998718.403	0.496826
973.00850892067	250164479.7495	20000001.9349999	17965975.862	0.498657
974.006911039352	250164479.75025	20000002.221	17949825.129	0.492554
975.005312919617	250164479.74975	19999999.095	17952025.179	0.491943
976.003713846207	250164479.75125	20000003.135	17995105.463	0.493774
977.00211596489	250164479.749	19999999.9020001	17982234.77	0.496826
978.000517845154	250164479.74925	20000001.735	17974839.47	0.495606
978.998919963837	250164479.74975	20000000.5799999	17965125.3190001	0.497437
980.012920856476	250164479.751	20000004.74	17989249.556	0.494385
981.011322975159	250164479.7505	20000001.649	17956268.0929999	0.491333
982.009724855423	250164479.75025	20000003.123	17965936.987	0.493164
983.008126974106	250164479.74975	19999999.915	17967106.979	0.494995
984.006527900696	250164479.74975	20000000.045	18028650.205	0.494995
985.004930019379	250164479.7485	19999999.666	18047011.779	0.489502
986.003331899643	250164479.751	20000003.188	18052958.788	0.493164
987.001734018326	250164479.7505	20000001.5350001	18014433.628	0.501099
988.000134944916	250164479.74925	20000002.3299999	18018994.671	0.493774
989.014137029648	250164479.7505	20000000.37	17978458.874	0.493164
990.012538909912	250164479.75	19999999.7800001	17967148.155	0.490723
991.010941028595	250164479.75	19999999.9529999	18023096.585	0.500488
992.009341955185	250164479.75025	20000002.252	18006575.351	0.490112
993.007743835449	250164479.7505	19999998.5550001	17996675.978	0.491333
994.006145954132	250164479.7495	20000000.255	17977331.276	0.493774
995.004547834396	250164479.74925	20000002.37	18005161.8579999	0.498047
996.002948999405	250164479.75075	20000003.7019999	17989777.2950001	0.490112
997.001350879669	250164479.75075	20000002.0320001	18020457.39	0.494385
997.999752998352	250164479.7495	20000001.3429999	17977184.4219999	0.495606
999.013754844666	250164479.7495	20000002.771	17984749.4020001	0.491943
1000.01215696335	250164479.74975	20000003.199	17985433.5469999	0.498657
1001.01055788994	250164479.7505	20000005.368	18008046.7310001	0.494385
1002.00896000862	250164479.75	19999999.803	17983896.4169999	0.496826
1003.00736188889	250164479.74925	20000001.1	17994755.5400001	0.498657
1004.00576400757	250164479.75075	20000000.645	17993469.752	0.493774
1005.00416493416	250164479.74975	20000002.654	18028414.031	0.496826
1006.00256705284	250164479.75	20000002.42	17989820.146	0.490723
1007.00096893311	250164479.75025	19999999.888	17984907.314	0.492554
1007.99937105179	250164479.75	20000001.601	18014877.4699999	0.497437
1009.01337194443	250164479.7495	20000001.412	17981358.806	0.496216
1010.01177382469	250164479.751	20000000.773	17985620.401	0.491333
1011.01017594337	250164479.74975	20000000.518	18000867.545	0.493774
1012.00857782364	250164479.74925	20000005.302	17986581.705	0.50354
1013.00697898865	250164479.751	20000001.857	17986727.507	0.490723
1014.00538086891	250164479.75	20000002.198	17967211.52	0.498657
1015.00378298759	250164479.7495	20000003.704	17984215.448	0.491943
1016.00218486786	250164479.74975	20000000.352	17971530.84	0.493164
1017.00058603287	250164479.75025	20000001.76	17929445.724	0.497437
1017.99898791313	250164479.75025	20000001.518	17995343.393	0.497437
1019.01298999786	250164479.7495	20000003.961	17931008.84	0.492554
1020.01139187813	250164479.75025	20000002.643	17948787.883	0.496826
1021.00979304314	250164479.74925	20000000.444	17973439.471	0.489502
1022.0081949234	250164479.75025	20000001.182	17946203.212	0.48645
1023.00659704208	250164479.75	20000001.079	17972811.313	0.495606
1024.00499892235	250164479.74975	19999998.605	17917119.238	0.495606
1025.00339984894	250164479.74975	20000001.8880001	17957541.842	0.493774
1026.00180196762	250164479.7515	20000002.576	17937293.118	0.495606
1027.00020384789	250164479.7485	20000002.388	18001034.179	0.492554
1028.01420593262	250164479.751	20000000.3019999	17987892.294	0.488281
1029.01260685921	250164479.7505	20000003.4840001	17971518.372	0.488892
1030.01100897789	250164479.74975	20000001.541	17977082.598	0.491943
1031.00941085815	250164479.751	19999999.5749999	17970216.936	0.492554
1032.00781297684	250164479.7485	20000002.7640001	17975710.1569999	0.491333
1033.00621390343	250164479.74975	20000003.528	17944913.569	0.493164
1034.00461602211	250164479.75	20000001.441	17984485.455	0.496826
1035.00301790237	250164479.7505	20000001.4829999	17966416.286	0.490112
1036.00142002106	250164479.7495	20000000.8760001	18004935.127	0.494385
1036.99982094765	250164479.751	20000003.903	17968203.261	0.495606
1038.01382303238	250164479.749	20000001.582	18000851.182	0.493774
1039.01222491264	250164479.75	20000000.827	18025772.221	0.488281
1040.01062703133	250164479.75025	20000001.758	18021474.155	0.48645
1041.00902891159	250164479.7495	20000002.387	17956465.4039999	0.491333
1042.00742983818	250164479.75075	20000002.5010001	17975631.812	0.496216
1043.00583195686	250164479.7495	20000003.89	17958422.372	0.491943
1044.00423383713	250164479.75025	20000002.581	17964167.4860001	0.496826
1045.00263595581	250164479.749	20000002.902	17990500.9399999	0.499878
1046.0010368824	250164479.751	20000000.3020001	17958382.9920001	0.493774
1046.99943900108	250164479.74975	20000004.774	17949512.086	0.493164
1048.0134408474	250164479.74975	19999999.3429999	17973448.1749999	0.490723
1049.01184296608	250164479.75025	20000005.219	17976159.8740001	0.492554
1050.01024389267	250164479.75	20000004.07	17951006.4699999	0.498047
1051.00864601135	250164479.74975	20000005.064	17979148.2690001	0.490112
1052.00704789162	250164479.75025	20000004.134	17985790.744	0.489502
1053.0054500103	250164479.75025	20000000.977	17986369.8150001	0.496826
1054.00385093689	250164479.74975	20000001.158	17982638.875	0.497437
1055.00225281715	250164479.7505	20000003.58	17967125.0059999	0.495606
1056.00065493584	250164479.75	19999999.31	17963213.3410001	0.499268
1057.01465702057	250164479.74975	20000001.57	17996928.906	0.494385
1058.01305794716	250164479.75	20000001.735	17953895.806	0.493164
1059.01145982742	250164479.75025	19999999.722	17966771.6739999	0.494995
1060.00986194611	250164479.7485	20000002.956	17958486.8280001	0.488892
1061.00826382637	250164479.7515	20000003.815	17960381.7739999	0.490112
1062.00666499138	250164479.75025	20000003.044	18016233.1650001	0.493774
1063.00506687164	250164479.7495	20000003.875	17967524.492	0.492554
1064.00346899033	250164479.75	20000005.899	17970996.916	0.492554
1065.00187087059	250164479.7505	20000003.848	17982166.987	0.491943
1066.0002720356	250164479.74975	20000004.239	17962511.9909999	0.496216
1067.01427388191	250164479.749	20000004.137	17980288.7060001	0.490112
1068.0126760006	250164479.75075	20000004.39	17954073.673	0.498047
1069.01107788086	250164479.7495	20000003.856	17988999.224	0.496216
1070.00947904587	250164479.75025	20000007.973	17990073.585	0.491333
1071.00788092613	250164479.75	20000000.74	18011070.864	0.491333
1072.00628304482	250164479.7505	20000003.605	17999044.245	0.491943
1073.00468492508	250164479.75025	20000005.044	17989814.144	0.492554
1074.00308585167	250164479.7495	20000004.549	18006662.223	0.492554
1075.00148797035	250164479.75075	20000001.854	17976127.796	0.487061
1075.99988985062	250164479.7495	20000003.621	18031192.944	0.488281
1077.01389193535	250164479.74975	20000003.168	18024480.155	0.505982
1078.01229405403	250164479.75	20000001.736	17976147.547	0.491943
1079.01069498062	250164479.7495	20000005.127	17994039.831	0.493774
1080.00909686089	250164479.75075	20000002.291	18004672.403	0.492554
1081.00749897957	250164479.7495	20000001.9860001	17992534.866	0.490723
1082.00590085983	250164479.74975	20000005.1509999	17986910.766	0.493164
1083.00430202484	250164479.7505	20000005.373	18035178.102	0.493774
1084.00270390511	250164479.7495	19999999.2260001	18034357.974	0.496216
1085.00110602379	250164479.75	20000002.7409999	18014470.417	0.491333
1086.0151078701	250164479.75075	20000001.265	18047249.6	0.493164
1087.01350903511	250164479.749	19999999.635	18035020.408	0.487671
1088.01191091537	250164479.7515	20000006.0020001	17984811.78	0.493774
1089.01031303406	250164479.749	20000009.7969999	18034020.179	0.490112
1090.00871491432	250164479.75175	20000004.784	18010837.79	0.489502
1091.00711584091	250164479.74825	20000005.738	18010610.1	0.488281
1092.00551795959	250164479.7505	20000001.0599999	18027970.859	0.494385
1093.00391983986	250164479.75	20000004.1109999	18031991.5	0.493164
1094.00232195854	250164479.75025	20000005.4350001	18039790.648	0.487671
1095.00072288513	250164479.74925	20000003.808	18013485.204	0.493774
1096.01472496986	250164479.7505	20000002.145	18032009.911	0.493164
1097.01312685013	250164479.7505	20000004.3430001	18018590.238	0.489502
1098.01152896881	250164479.7495	20000002.238	18042515.3280001	0.482788
1099.0099298954	250164479.75	20000005	18038734.1999999	0.493774
1100.00833201408	250164479.74975	20000004.4649999	18018955.395	0.496826
1101.00673389435	250164479.75	20000004.0480001	18015078.464	0.495606
1102.00513601303	250164479.74975	20000004.298	18047182.934	0.491943
1103.00353693962	250164479.7505	20000002.799	18015512.365	0.497437
1104.00193881989	250164479.74975	20000005.4719999	18044388.3890001	0.496216
1105.00034093857	250164479.7505	20000002.138	18007225.8909999	0.491943
1106.0143430233	250164479.74975	19999999.572	17977783.7920001	0.493774
1107.01274394989	250164479.74975	20000001.638	18019148.003	0.489502
1108.01114583015	250164479.7495	20000005.157	18003082.084	0.498657
1109.00954794884	250164479.75	20000001.851	18008317.0699999	0.488892
1110.0079498291	250164479.751	20000001.649	18000943.403	0.499268
1111.00635099411	250164479.74975	20000006.095	18016870.0830001	0.484009
1112.00475287437	250164479.74975	20000000.058	18025819.1209999	0.488892
1113.00315499306	250164479.74975	20000001.921	18010063.202	0.494385
1114.00155687332	250164479.75075	20000001.954	18040768.534	0.497437
1115.01555895805	250164479.749	20000000.5	18070116.78	0.495606
1116.01395988464	250164479.75025	20000004.341	18048066.807	0.490112
1117.01236200333	250164479.74975	20000008.219	18030908.926	0.494385
1118.01076388359	250164479.75	20000005.418	17993746.22	0.494385
1119.00916600227	250164479.75	20000001.857	18029229.9549999	0.491943
1120.00756692886	250164479.7505	20000005.068	17987775.974	0.493774
1121.00596904755	250164479.75025	20000004.164	17997789.7310001	0.490112
1122.00437092781	250164479.7505	20000004.652	17993176.123	0.494385
1123.00277304649	250164479.74925	20000003.432	18000263.6949999	0.494995
1124.00117397308	250164479.75	20000005.409	18035082.5580001	0.499878
1125.0151758194	250164479.75	20000003.731	18042401.334	0.494385
1126.01357793808	250164479.7505	20000008.296	18021658.1789999	0.493774
1127.01197981834	250164479.74925	20000004.183	17978094.669	0.496826
1128.01038098335	250164479.75	20000004.404	17984281.174	0.494385
1129.00878286362	250164479.7505	20000002.466	18004899.103	0.493774
1130.0071849823	250164479.74925	20000004.17	18015941.493	0.492554
1131.00558686256	250164479.751	20000005.199	18048525.616	0.496216
1132.00398802757	250164479.749	20000007.4400001	18017787.351	0.490723
1133.00238990784	250164479.75025	20000003.1129999	17978002.314	0.490112
1134.00079202652	250164479.74975	20000006.051	18018582.371	0.491943
1135.01479387283	250164479.75025	20000003.908	17999454.77	0.494385
1136.01319503784	250164479.75	20000001.909	18008950.556	0.495606
1137.01159691811	250164479.75025	20000005.119	17995849.609	0.491943
1138.00999903679	250164479.7495	20000003.158	18002563.185	0.494995
1139.00840091705	250164479.75075	20000005.396	18034720.861	0.488281
1140.00680184364	250164479.74975	20000004.128	18063936.621	0.490112
1141.00520396233	250164479.74975	20000001.279	18001351.937	0.492554
1142.00360584259	250164479.7505	20000003.696	18026320.152	0.502319
1143.00200796127	250164479.7495	20000006.4529999	18057780.008	0.491333
1144.01600885391	250164479.7505	20000004.2920001	18037556.652	0.497437
1145.0144109726	250164479.7495	20000005.426	18042141.289	0.493774
1146.01281285286	250164479.75075	20000003.5669999	18031814.325	0.501709
1147.01121497154	250164479.749	20000003.8380001	18048261.281	0.492554
1148.00961589813	250164479.75075	20000000.684	17994471.117	0.500488
1149.00801801682	250164479.7495	20000004.278	18008655.965	0.490723
1150.00641989708	250164479.7515	20000009.545	17995798.989	0.495606
1151.00482201576	250164479.74875	19999999.725	18029223.636	0.497437
1152.00322294235	250164479.7495	20000005.538	18006470.631	0.498047
1153.00162482262	250164479.751	20000007.9400001	18000606.776	0.491943
1154.01562690735	250164479.75	20000003.267	18005056.005	0.490112
1155.01402902603	250164479.7495	20000002.092	18035027.099	0.490112
1156.0124309063	250164479.75	20000002.461	18015676.245	0.493164
1157.01083183289	250164479.75025	20000005.409	18015678.936	0.499268
1158.00923395157	250164479.7495	20000005.173	18065812.791	0.499268
1159.00763583183	250164479.7505	20000004.85	18013064.562	0.495606
1160.00603795052	250164479.74975	19999999.199	18035820.3659999	0.492554
1161.00443887711	250164479.7505	20000008.914	18061386.92	0.497437
1162.00284099579	250164479.75025	20000005.475	18010509.829	0.498047
1163.00124287605	250164479.74975	20000007.421	18055556.5780001	0.496826
1164.01524496078	250164479.75	20000002.876	18038158.439	0.494995
1165.01364588737	250164479.7495	20000002.537	18052174.928	0.494385
1166.01204800606	250164479.75025	20000006.228	18048417.404	0.490112
1167.01044988632	250164479.74925	20000002.713	18067445.387	0.491333
1168.008852005	250164479.751	20000008.395	18050470.372	0.496216
1169.00725293159	250164479.74975	20000002.204	18076405.173	0.488281
1170.00565505028	250164479.7495	20000002.793	18048875.304	0.494995
1171.00405693054	250164479.75075	20000005.91	18025373.4200001	0.487061
1172.00245904922	250164479.74925	20000001.66	18021148.1079999	0.494995
1173.00085997581	250164479.7505	20000007.205	18010084.603	0.493164
1174.01486182213	250164479.75	20000004.601	18032184.27	0.50293
1175.01326394081	250164479.74975	20000004.264	18030306.954	0.488892
1176.01166582108	250164479.7505	20000006.091	18060422.448	0.495606
1177.01006698608	250164479.75	20000002.777	18048763.393	0.491943
1178.00846886635	250164479.74875	20000003.145	18015476.559	0.490723
1179.00687098503	250164479.751	20000002.62	18046073.1110001	0.488892
1180.0052728653	250164479.7495	20000004.761	18052064.025	0.489502
1181.0036740303	250164479.7505	20000006.219	18058802.224	0.493164
1182.00207591057	250164479.75025	19999999.594	18068300.4730001	0.493164
1183.0160779953	250164479.7495	20000004.267	18010271.6309999	0.488281
1184.01447987556	250164479.74975	20000009.231	18065515.493	0.498047
1185.01288104057	250164479.7505	20000002.56	18089923.789	0.491333
1186.01128292084	250164479.75025	20000003.936	18095058.285	0.490112
1187.00968503952	250164479.74925	20000003.286	18088663.006	0.491333
1188.00808691978	250164479.7505	20000003.01	18091003.658	0.493774
1189.00648784637	250164479.7495	20000003.33	18021339.282	0.498657
1190.00488996506	250164479.7505	20000008.9	18077664.326	0.496216
1191.00329184532	250164479.74975	20000003.181	18082294.142	0.494995
1192.001693964	250164479.75025	20000005.522	18086826.018	0.492554
1193.01569604874	250164479.74975	20000002.7720001	18080452.271	0.492554
1194.01409697533	250164479.75	20000001.017	18096185.28	0.493774
1195.01249885559	250164479.75025	20000006.462	18066971.939	0.493164
1196.01090097427	250164479.7505	20000005.956	18111772.376	0.494995
1197.00930285454	250164479.74925	20000011.271	18094305.344	0.491943
1198.00770401955	250164479.75	20000003.715	18107745.901	0.491943
1199.00610589981	250164479.75	20000003.465	18123309.003	0.493774
1200.00450801849	250164479.75025	20000005.354	18101651.367	0.494385
1201.00290989876	250164479.7495	20000005.985	18088458.268	0.481567
1202.00131082535	250164479.7505	20000003.194	18119138.537	0.488281
1203.01531291008	250164479.74925	20000005.533	18082249.552	0.488892
1204.01371502876	250164479.751	20000002.536	18105209.051	0.487061
