#Menlo Systems GmbH 2009 - Comb Watch v0.9.6
#Measurement from 23.3.2021.
#Begin of the measurement: 17:01:49, 61309 sec after midnight.
#Add 803224909 to get the time since 0:00 of 10th Oct. 1995 = MJD 50000 in seconds.
#
#C0:	timestamp
#C1:	reprate.freq	The actual repetition rate of the comb (calculated from counter0)	Hz
#C2:	offset.freq	Offset beat frequency (see counter1)	Hz	20000000	10
#C3:	counter2.freq	Counter channel 2 frequency	Hz
#
#S0:	4
#Statistics settings
#S1:	250114536.75	0.005
#S2:	20000000	10
#S3:	#
#
#timestamp	#reprate.freq	#offset.freq	#counter2.freq
0.998400926589966	250114536.75	20000000.554	34355653.34
1.99680304527283	250114536.74975	19999999.736	34360956.12
2.99520492553711	250114536.75	19999999.58	34366850.388
3.99360704421997	250114536.74975	19999999.007	34374267.426
5.00760793685913	250114536.75075	20000000.373	34388874.994
6.00601005554199	250114536.75025	20000001.289	34409143.165
7.00441193580627	250114536.74925	19999999.634	34430267.966
8.00281405448914	250114536.74975	20000000.357	34447774.894
9.0012149810791	250114536.751	19999999.938	34459825.354
9.99961709976196	250114536.74975	19999999.564	34460734.723
10.9980189800262	250114536.74975	19999999.215	34452319.278
11.9964210987091	250114536.75	20000001.193	34431942.192
12.9948220252991	250114536.75	19999999.9130001	34396609.316
14.0088241100311	250114536.7495	19999998.625	34349889.844
15.0072259902954	250114536.75075	20000000.952	34292072.315
16.0056281089783	250114536.75	20000000.269	34228150.166
17.0040290355682	250114536.7495	19999999.628	34160522.382
18.0024309158325	250114536.74925	19999999.221	34101697.201
19.0008330345154	250114536.75075	20000000.281	34052509.3480001
19.9992349147797	250114536.75025	20000000.353	34015543.164
20.9976360797882	250114536.75	19999999.778	33988383.9779999
21.9960379600525	250114536.75025	20000000.586	33966569.786
22.9944400787354	250114536.7495	19999999.145	33948610.064
24.0084419250488	250114536.74975	20000002.2290001	33938834.3610001
25.0068430900574	250114536.7505	19999999.265	33935582.5539999
26.0052449703217	250114536.74975	19999999.452	33936500.0960001
27.0036470890045	250114536.75025	19999999.7299999	33940502.299
28.0020489692688	250114536.74975	19999999.7110001	33944963.4139999
29.0004501342773	250114536.75025	20000000.971	33947034.622
29.9988520145416	250114536.75	19999998.314	33945289.6730001
30.9972541332245	250114536.7505	20000002.012	33943654.2939999
31.9956560134888	250114536.75	19999999.59	33947901.075
32.9940581321716	250114536.74925	19999999.622	33959116.519
34.0080590248108	250114536.7495	20000001.1980001	33967829.536
35.0064609050751	250114536.75	19999998.7179999	33972888.689
36.0048630237579	250114536.7505	19999999.969	33970029.886
37.0032651424408	250114536.74975	20000000.418	33959527.317
38.0016660690308	250114536.7505	19999999.039	33945741.851
39.000067949295	250114536.75025	20000000.5470001	33926549.746
39.9984700679779	250114536.749	19999999.275	33906405.691
40.9968719482422	250114536.75075	20000000.982	33886171.377
41.9952731132507	250114536.75	19999999.359	33861011.552
43.0092749595642	250114536.75075	20000001.1700001	33832782.029
44.0076770782471	250114536.749	19999999.124	33801961.69
45.0060789585114	250114536.75025	20000000.103	33774215.897
46.0044801235199	250114536.749	19999999.1689999	33756775.829
47.0028820037842	250114536.751	20000000.4910001	33748133.3410001
48.001284122467	250114536.75075	19999999.415	33750219.0189999
48.9996860027313	250114536.74875	20000001.427	33761622.502
49.9980869293213	250114536.7505	19999999.44	33784946.793
50.9964890480042	250114536.74975	19999999.414	33822495.5650001
51.9948909282684	250114536.75	20000000.125	33867300.282
53.0088930130005	250114536.75075	20000000.213	33915735.4150001
54.0072939395905	250114536.74925	19999999.956	33965179.4729999
55.0056960582733	250114536.74975	20000000.489	34018333.9050001
56.0040979385376	250114536.75025	20000000.16	34071959.854
57.0025000572205	250114536.75	19999999.928	34121476.979
58.0009009838104	250114536.75025	19999999.103	34169270.124
58.9993031024933	250114536.74975	20000000.643	34210355.631
59.9977049827576	250114536.74975	19999999.408	34249608.163
60.9961071014404	250114536.75075	20000000.999	34281611.2360001
61.9945080280304	250114536.75	19999999.235	34307402.334
63.0085101127625	250114536.74975	19999999.293	34327764.066
64.0069119930267	250114536.75	20000000.517	34347378.972
65.0053141117096	250114536.75	19999999.602	34365679.966
66.0037150382996	250114536.75	20000001.6	34382187.744
67.0021169185638	250114536.74975	19999999.54	34400003.999
68.0005190372467	250114536.7505	19999999.413	34417698.955
68.998920917511	250114536.74925	19999999.814	34439534.499
69.9973220825195	250114536.75075	19999999.982	34460379.2
70.9957239627838	250114536.7495	20000001.792	34482677.885
72.0097260475159	250114536.7495	19999998.83	34499678.912
73.0081279277802	250114536.75	19999999.894	34510916.891
74.006530046463	250114536.75075	19999999.51	34517171.915
75.004930973053	250114536.75	20000000.8250001	34522808.264
76.0033330917358	250114536.75075	19999999.5699999	34532183.942
77.0017349720001	250114536.74875	20000000.3790001	34547397.758
78.000137090683	250114536.75025	20000000.2629999	34558078.904
78.9985380172729	250114536.74975	19999998.585	34557260.243
79.9969401359558	250114536.751	20000000.145	34544774.275
80.9953420162201	250114536.75025	20000000.4890001	34517364.619
82.0093441009521	250114536.74925	20000000.698	34485105.8560001
83.0077450275421	250114536.75	19999999.596	34447862.359
84.0061469078064	250114536.75	19999999.7160001	34411174.645
85.0045490264893	250114536.751	20000000.781	34370030.762
86.0029509067535	250114536.75	19999999.178	34328708.635
87.0013520717621	250114536.7485	19999999.9499999	34288429.029
87.9997539520264	250114536.75075	20000000.3330001	34247358.314
88.9981560707092	250114536.74975	19999999.981	34205194.17
89.9965579509735	250114536.74975	20000000.687	34168208.659
90.9949591159821	250114536.74975	19999999.066	34139303.349
92.0089609622955	250114536.75025	20000000.029	34128283.6240001
93.0073630809784	250114536.75075	20000000.1639999	34136346.3679999
94.0057649612427	250114536.7485	19999999.75	34163021.7060001
95.0041661262512	250114536.75125	20000000.2140001	34198398.032
96.0025680065155	250114536.7495	19999999.979	34243915.965
97.0009701251984	250114536.7505	20000000.605	34300478.47
97.9993720054626	250114536.749	19999999.941	34368465.888
98.9977729320526	250114536.7505	19999999.6689999	34442498.554
99.9961750507355	250114536.75	19999999.75	34513633.015
101.010177135468	250114536.751	20000000.4000001	34575247.707
102.008579015732	250114536.74975	19999999.248	34625707.951
103.006979942322	250114536.7495	20000000.669	34662095.108
104.005382061005	250114536.7495	20000000.39	34681285.736
105.003783941269	250114536.7505	19999999.584	34682488.719
106.002186059952	250114536.74925	19999999.865	34663807.111
107.000586986542	250114536.75025	20000001.279	34626314.975
107.998989105225	250114536.7505	19999998.482	34574611.141
108.997390985489	250114536.75	20000000.243	34515974.373
109.995793104172	250114536.7495	19999999.829	34457600.3
111.009794950485	250114536.751	20000000.535	34403143.834
112.008196115494	250114536.7495	19999998.935	34357817.523
113.006597995758	250114536.75	20000000.791	34317062.899
114.005000114441	250114536.7495	19999999.339	34283004.4059999
115.003401994705	250114536.751	19999999.73	34260453.809
116.001802921295	250114536.75	20000001.636	34257030.992
117.000205039978	250114536.7495	19999998.646	34268670.233
117.998606920242	250114536.75025	20000000.316	34293663.087
118.997009038925	250114536.74975	19999999.41	34329496.9220001
119.995409965515	250114536.7495	20000001.218	34369929.2609999
121.009412050247	250114536.751	20000000.08	34417336.766
122.007813930511	250114536.749	19999998.664	34470296.783
123.006216049194	250114536.7505	20000001.066	34523548.148
124.004616975784	250114536.74975	19999999.434	34573394.67
125.003019094467	250114536.75	19999999.638	34618618.914
126.001420974731	250114536.7495	19999999.946	34659086.856
126.999823093414	250114536.75075	20000001.362	34694694.69
127.998224020004	250114536.749	19999999.65	34724489.241
128.996626138687	250114536.751	20000000.1589999	34750820
130.010627985001	250114536.7505	19999999.345	34778779.642
131.009030103683	250114536.749	19999999.209	34810574.237
132.007431030273	250114536.7495	20000000.522	34847242.655
133.005832910538	250114536.75075	20000000.2980001	34889761.49
134.004235029221	250114536.7505	20000000.564	34937893.327
135.002636909485	250114536.74925	19999999.16	34983743.582
136.001038074493	250114536.75025	20000000.727	35028112.201
136.999439954758	250114536.75025	20000000.3479999	35068521.458
137.997842073441	250114536.75025	20000000.0480001	35108416.195
138.996243953705	250114536.7495	19999999.9959999	35141657.155
140.010245084763	250114536.75025	19999999.59	35156216.0919999
141.008646965027	250114536.75	20000000.063	35147285.9580001
142.00704908371	250114536.74975	19999999.6670001	35111685.633
143.005450963974	250114536.75025	19999999.397	35057803.987
144.003852128983	250114536.7495	20000000.318	34997547.748
145.002254009247	250114536.75025	20000000.3540001	34927877.51
146.00065612793	250114536.7495	19999999.351	34858863.8989999
146.999058008194	250114536.75	20000000.377	34796165.224
147.997458934784	250114536.751	19999999.692	34746093.4940001
148.995861053467	250114536.75025	20000000.7360001	34714740.8149999
150.009863138199	250114536.7495	20000000.171	34705255.8690001
151.008265018463	250114536.7495	19999999.7659999	34717914.903
152.006667137146	250114536.74975	19999999.901	34754016.196
153.005068063736	250114536.75075	19999999.881	34810372.255
154.003469944	250114536.75025	20000000.308	34876592.722
155.001872062683	250114536.749	19999999.939	34944226.6849999
156.000273942947	250114536.7505	19999999.827	35012775.786
156.998675107956	250114536.74975	19999999.773	35083128.769
157.99707698822	250114536.7505	19999998.922	35154121.58
159.011079072952	250114536.7505	20000001.293	35223900.101
160.009480953217	250114536.7495	19999999.819	35292119.718
161.007882118225	250114536.75025	20000000.445	35359121.165
162.006283998489	250114536.74925	20000000.459	35424433.12
163.004686117172	250114536.7505	19999999.53	35487536.028
164.003087997437	250114536.75	19999999.535	35546407.611
165.001488924026	250114536.75025	20000000.417	35604678.001
165.999891042709	250114536.74975	19999999.386	35668846.637
166.998292922974	250114536.75075	20000000.259	35732358.294
167.996695041656	250114536.74925	19999999.941	35788137.371
169.010695934296	250114536.75075	19999999.674	35832133.099
170.009098052979	250114536.74975	20000000.67	35859647.52
171.007499933243	250114536.74975	20000000.072	35875709.894
172.005902051926	250114536.75	20000000.382	35885428.3000001
173.004302978516	250114536.7495	19999999.102	35891605.5569999
174.002705097198	250114536.74975	20000001.14	35891723.987
175.001106977463	250114536.75075	19999999.754	35890976.9780001
175.999509096146	250114536.749	19999999.427	35890340.618
176.997910022736	250114536.75075	20000001.628	35890365.574
177.996312141418	250114536.75025	19999999.528	35892739.083
179.010313987732	250114536.74975	19999998.422	35900739.872
180.008716106415	250114536.75	20000000.648	35912118.829
181.007117033005	250114536.74975	19999999.858	35924371.9220001
182.005518913269	250114536.74975	19999999.727	35936285.521
183.003921031952	250114536.74975	20000000.721	35949262.53
184.002322912216	250114536.7505	19999999.8840001	35953120.9960001
185.000724077225	250114536.75025	19999999.887	35952077.8679999
185.999125957489	250114536.7495	20000000.332	35941334.2850001
186.997528076172	250114536.75125	20000000.049	35930004.231
188.011529922485	250114536.7495	20000000.3199999	35914564.263
189.009932041168	250114536.75	19999998.195	35907974.787
190.008332967758	250114536.74925	20000001.0519999	35910394.483
191.006735086441	250114536.75	19999999.941	35919284.733
192.005136966705	250114536.7505	20000000.638	35934924.443
193.003539085388	250114536.75	19999999.7460001	35950506.373
194.001940011978	250114536.74975	19999998.53	35963215.456
195.000342130661	250114536.75	20000001.3380001	35971326.981
195.998744010925	250114536.75	19999999.492	35971359.093
196.997146129608	250114536.751	20000000.516	35965699.994
198.011147022247	250114536.7485	20000000.091	35948124.319
199.00954914093	250114536.7505	19999999.969	35919888.45
200.007951021194	250114536.7505	19999999.656	35880396.186
201.006353139877	250114536.7505	19999999.346	35839633.6670001
202.004754066467	250114536.74925	19999999.656	35800752.3069999
203.003155946732	250114536.75	20000000.545	35769509.12
204.001558065414	250114536.75025	20000000.069	35745847.6520001
204.999959945679	250114536.75025	19999999.546	35723036.952
205.998361110687	250114536.74975	20000001.01	35691002.3989999
206.996762990952	250114536.74925	19999999.7010001	35653278.567
208.010765075684	250114536.75125	19999999.7589999	35616473.5599999
209.009166955948	250114536.749	20000000.055	35583155.309
210.007568120956	250114536.75	20000000.747	35556166.8150001
211.005970001221	250114536.751	19999999.25	35537429.883
212.004372119904	250114536.749	19999999.506	35526323.2759999
213.002774000168	250114536.751	20000000.784	35526155.365
214.001174926758	250114536.7495	20000000.158	35535318.8150001
214.999577045441	250114536.75	19999999.274	35558431.244
215.997978925705	250114536.7495	20000000.44	35595352.429
216.996381044388	250114536.75025	19999999.22	35640254.454
218.010381937027	250114536.74975	20000001.055	35690094.85
219.00878405571	250114536.74975	19999999.689	35739795.571
220.007185935974	250114536.75075	19999999.909	35787072.849
221.005588054657	250114536.75	20000000.092	35830837.583
222.003988981247	250114536.74925	19999999.557	35872613.146
223.00239109993	250114536.75075	20000001.189	35912459.679
224.000792980194	250114536.7495	19999998.591	35954589.778
224.999195098877	250114536.7505	20000001.037	35996986.395
225.997596025467	250114536.74975	20000000.241	36041041.883
227.011598110199	250114536.74975	19999999.351	36087602.398
228.009999990463	250114536.75025	20000000.369	36130460.884
229.008402109146	250114536.75	19999999.308	36168413.086
230.00680398941	250114536.75	20000000.283	36198390.216
231.005204916	250114536.75	20000000.278	36223358.891
232.003607034683	250114536.74975	19999999.253	36242461.664
233.002008914948	250114536.74925	20000000.293	36257100.322
234.00041103363	250114536.75125	20000000.129	36272305.257
234.99881196022	250114536.7505	19999999.9129999	36292787.3049999
235.997214078903	250114536.74925	20000001.447	36315088.046
237.011215925217	250114536.74975	19999998.8020001	36337046.3840001
238.0096180439	250114536.7505	19999999.444	36363257.548
239.00801897049	250114536.75	20000001.045	36392872.711
240.006421089172	250114536.75	19999999.38	36421577.73
241.004822969437	250114536.7505	20000000.214	36441725.283
242.00322508812	250114536.74925	20000000.033	36457309.443
243.001626014709	250114536.75	19999999.834	36467597.998
244.000028133392	250114536.7495	20000000.6340001	36477556.097
244.998430013657	250114536.75125	19999998.875	36493745.704
245.996832132339	250114536.7495	19999999.812	36508828.904
247.010833024979	250114536.75025	20000000.831	36521353.49
248.009234905243	250114536.7495	19999999.397	36524082.135
249.007637023926	250114536.74925	20000000.618	36518841.321
250.006039142609	250114536.75125	19999999.984	36507798.19
251.004440069199	250114536.74975	20000000.5450001	36491275.009
252.002841949463	250114536.74975	19999999.4529999	36472170.833
253.001244068146	250114536.75025	19999999.921	36462540.564
253.99964594841	250114536.75025	20000000.028	36456637.329
254.998047113419	250114536.74975	19999999.771	36452676.716
256.012048959732	250114536.7495	19999999.837	36453450.299
257.010451078415	250114536.75075	19999999.997	36457120.099
258.008852958679	250114536.74925	20000000.492	36470289.109
259.007254123688	250114536.75075	20000001.173	36482793.644
260.005656003952	250114536.749	19999997.908	36491822.93
261.004058122635	250114536.751	20000001.0980001	36492743.809
262.002460002899	250114536.74925	19999998.87	36490106.2459999
263.000860929489	250114536.7495	20000000.687	36484935.5170001
263.999263048172	250114536.75175	19999999.953	36479385.6979999
264.997664928436	250114536.749	19999999.356	36477188.2820001
266.011667013168	250114536.75075	20000000.637	36480805.716
267.010069131851	250114536.74925	19999999.718	36483334.744
268.008470058441	250114536.7495	20000000.502	36487549.0300001
269.006871938705	250114536.75	20000000.594	36480788.9269999
270.005274057388	250114536.75025	19999999.333	36464046.9300001
271.003675937653	250114536.75	19999999.687	36439790.79
272.002077102661	250114536.75	19999999.315	36410348.403
273.000478982925	250114536.7505	20000001.679	36375132.7690001
273.998881101608	250114536.7495	19999999.034	36340946.859
274.997282981873	250114536.7505	20000000.189	36317006.0569999
276.01128411293	250114536.7495	20000000.426	36304560.057
277.009685993195	250114536.75	19999999.715	36304629.339
278.008088111877	250114536.75	20000000.198	36317083.134
279.006489992142	250114536.75	19999999.571	36346012.698
280.004890918732	250114536.75	20000000.535	36387870.409
281.003293037415	250114536.7505	20000000.206	36434831.145
282.001694917679	250114536.75025	19999999.266	36481228.655
283.000097036362	250114536.75025	19999999.754	36530857.548
283.998497962952	250114536.74975	19999999.733	36584018.194
285.012500047684	250114536.74975	20000000.344	36637485.4809999
286.010901927948	250114536.749	20000000.932	36687888.226
287.009304046631	250114536.75	19999999.123	36733352.694
288.007704973221	250114536.75025	20000001.649	36767525.026
289.006107091904	250114536.7505	19999998.694	36794683.465
290.004508972168	250114536.75025	20000000.5680001	36819379.525
291.002911090851	250114536.75	20000000.1899999	36845718.724
292.001312017441	250114536.74925	19999999.24	36875244.001
292.999714136124	250114536.75075	19999999.965	36908097.8019999
293.998116016388	250114536.7495	20000000.661	36948970.1830001
295.01211810112	250114536.75	20000000.104	37003999.961
296.01051902771	250114536.7505	19999998.942	37072666.664
297.008920907974	250114536.75025	20000000.278	37157317.833
298.007323026657	250114536.74925	19999999.508	37253611.915
299.005724906921	250114536.75075	20000000.844	37352490.474
300.00412607193	250114536.74925	20000000.326	37452211.6750001
301.002527952194	250114536.7505	19999999.4730001	37543957.8479999
302.000930070877	250114536.74925	20000000.9369999	37631396.4250001
302.999331951141	250114536.751	19999999.1700001	37716767.512
303.99773311615	250114536.7495	19999999.171	37794334.2590001
305.011734962463	250114536.74975	20000000.609	37865512.01
306.010137081146	250114536.7505	20000000.2409999	37928917.552
307.008538961411	250114536.74975	19999999.71	37987970.639
308.006941080093	250114536.75075	20000001.322	38046361.539
309.005342006683	250114536.74975	19999998.289	38109506.985
310.003744125366	250114536.74975	19999999.722	38172664.695
311.00214600563	250114536.74975	20000001.1159999	38228470.025
312.000548124313	250114536.75025	19999999.671	38267493.58
312.998949050903	250114536.75	19999999.79	38289242.293
314.012951135635	250114536.7495	20000000.745	38296044.709
315.0113530159	250114536.75025	20000000.0940001	38280045.439
316.009755134583	250114536.75	19999999.408	38248345.565
317.008156061172	250114536.74925	20000000.286	38214547.997
318.006557941437	250114536.75	20000000.561	38183270.82
319.00496006012	250114536.7505	19999999.036	38154904.52
320.003361940384	250114536.75025	20000000.046	38131728.6270001
321.001763105392	250114536.75025	20000000.346	38114763.6059999
322.000164985657	250114536.74975	19999999.372	38103881.102
322.99856710434	250114536.74975	20000001.484	38097829.141
324.012568950653	250114536.75	19999998.489	38100302.9499999
325.010970115662	250114536.751	20000000.674	38109211.6620001
326.009371995926	250114536.7485	20000000.521	38124926.612
327.007774114609	250114536.75075	19999999.411	38146824.4
328.006175994873	250114536.75075	19999999.897	38177867.88
329.004576921463	250114536.749	19999999.614	38212028.742
330.002979040146	250114536.7505	19999998.643	38246930.3720001
331.00138092041	250114536.74925	20000002.068	38283246.8829999
331.999783039093	250114536.751	20000000.451	38316929.419
332.998183965683	250114536.75	19999998.766	38339839.835
334.012186050415	250114536.74975	20000000.4	38356851.429
335.010587930679	250114536.74975	20000000.037	38370432.201
336.008990049362	250114536.75	20000000.154	38380483.336
337.007390975952	250114536.75025	19999999.745	38390194.709
338.005793094635	250114536.7505	19999999.956	38397526.021
339.004194974899	250114536.7495	19999999.012	38399234.273
340.002597093582	250114536.7505	20000000.9170001	38398055.932
341.000998020172	250114536.75	20000000.105	38396117.17
341.999400138855	250114536.75	19999999.7180001	38392921.478
343.013401985168	250114536.749	19999999.346	38385228.334
344.011804103851	250114536.75	20000001.6569999	38376180.988
345.010205984116	250114536.7505	19999999.5400001	38372645.042
346.008606910706	250114536.7505	20000000.097	38370880.726
347.007009029388	250114536.74975	20000000.0139999	38370104.788
348.005410909653	250114536.74975	19999997.9270001	38377255.25
349.003813028336	250114536.74975	20000001.538	38388485.8280001
350.002213954926	250114536.75075	19999999.456	38405641.5729999
351.000616073608	250114536.749	19999999.457	38426194.2870001
351.999017953873	250114536.75025	20000001.0750001	38449444.556
353.013020038605	250114536.751	19999999.5469999	38466785.142
354.011420965195	250114536.74875	20000001.5220001	38472685.5600001
355.009823083878	250114536.7505	19999998.6819999	38469099.091
356.008224964142	250114536.7495	19999999.893	38465163.657
357.006627082825	250114536.7505	20000000.82	38465721.6750001
358.005028009415	250114536.75	19999999.731	38457542.77
359.003430128098	250114536.7495	20000000.1040001	38437664.295
360.001832008362	250114536.7505	20000000.033	38403589.737
361.000234127045	250114536.74975	19999998.5259999	38358706.733
361.998635053635	250114536.749	20000000.727	38300210.195
363.012637138367	250114536.7505	20000001.0380001	38234001.061
364.011039018631	250114536.75075	19999999.2969999	38175494.605
365.009441137314	250114536.75	20000000.405	38131232.701
366.007842063904	250114536.74925	19999999.3250001	38098317.665
367.006243944168	250114536.751	20000000.3659999	38072478.563
368.004646062851	250114536.7495	19999999.694	38046657.534
369.003047943115	250114536.751	20000000.6440001	38021655.035
370.001449108124	250114536.749	19999999.518	37996813.913
370.999850988388	250114536.75	20000000.638	37968222.575
371.998253107071	250114536.75	19999999.86	37937694.505
373.012254953384	250114536.75	20000000.582	37903438.005
374.010656118393	250114536.74975	19999998.73	37867201.493
375.009057998657	250114536.75025	19999999.675	37834341.173
376.00746011734	250114536.75	20000000.927	37813465.947
377.005861997604	250114536.75	19999999.715	37806737.1209999
378.004262924194	250114536.75025	19999999.518	37803347.3840001
379.002665042877	250114536.74975	19999999.972	37802176.006
380.001066923141	250114536.7495	20000000.826	37805314.3549999
380.999469041824	250114536.7505	19999999.874	37803718.582
382.013471126556	250114536.7495	20000000.686	37797454.319
383.011872053146	250114536.7505	19999998.538	37786221.0370001
384.010273933411	250114536.74975	20000000.743	37773864.04
385.008676052094	250114536.7505	19999999.254	37764597.0700001
386.007077932358	250114536.74925	20000000.202	37754452.178
387.005479097366	250114536.75075	20000000.846	37747394.197
388.003880977631	250114536.75025	20000000.643	37739325.1079999
389.002283096313	250114536.7495	19999998.988	37728979.515
390.000684976578	250114536.75	19999999.903	37713484.103
390.999086141586	250114536.75	19999999.681	37701473.492
392.0130879879	250114536.74925	19999999.181	37686831.383
393.011490106583	250114536.7505	20000001.158	37672291.703
394.009891986847	250114536.75025	19999999.893	37658213.178
395.008292913437	250114536.7495	19999999.81	37642909.846
396.00669503212	250114536.75025	20000000.284	37632841.078
397.005096912384	250114536.74975	19999999.522	37628165.539
398.003499031067	250114536.751	20000000.8590001	37624698.366
399.001899957657	250114536.7495	19999999.665	37622491.074
400.00030207634	250114536.7495	20000000.033	37619975.362
400.998703956604	250114536.75075	19999999.572	37621037.449
402.012706041336	250114536.75	20000000.418	37628499.943
403.011106967926	250114536.74925	19999999.329	37650898.8150001
404.009509086609	250114536.75	20000000.987	37686143.398
405.007910966873	250114536.75075	20000000.271	37735375.0749999
406.006313085556	250114536.75	19999998.365	37792132.45
407.004714012146	250114536.74975	20000001.219	37859251.2279999
408.003116130829	250114536.75	20000000.465	37933413.37
409.001518011093	250114536.75025	19999998.638	38016126.8950001
409.999920129776	250114536.75025	20000000.18	38099131.336
411.013921022415	250114536.74975	20000000.28	38177200.655
412.012323141098	250114536.74975	20000000.094	38244594.824
413.010725021362	250114536.75025	20000001.1810001	38296486.929
414.009127140045	250114536.74925	19999998.5259999	38330924.659
415.007528066635	250114536.7515	20000000.2540001	38345720.0489999
416.005929946899	250114536.7495	19999999.589	38343162.36
417.004332065582	250114536.7495	20000001.9249999	38319604.169
418.002733945847	250114536.75	19999999.4120001	38280917.487
419.001135110855	250114536.75025	19999999.536	38242056.069
419.999536991119	250114536.75025	20000000.179	38209697.786
421.013539075851	250114536.74975	19999999.285	38182048.318
422.011940956116	250114536.74925	20000000.457	38158786.846
423.010343074799	250114536.7505	20000000.2559999	38139705.981
424.008744001389	250114536.75075	19999999.789	38132394.561
425.007146120071	250114536.74875	19999999.444	38125762.419
426.005548000336	250114536.75025	19999999.019	38123504.28
427.003950119019	250114536.7505	20000001.56	38115985.788
428.002351045609	250114536.74975	19999999.096	38099342.773
429.000752925873	250114536.75	20000000.844	38081847.7550001
429.999155044556	250114536.75025	20000000.014	38067432.011
431.013157129288	250114536.75025	19999999.911	38056464.083
432.011558055878	250114536.75	19999999.916	38048402.5500001
433.009959936142	250114536.7495	20000000.652	38041487.3989999
434.008362054825	250114536.75025	19999999.706	38038715.044
435.006763935089	250114536.74975	19999999.046	38040624.3740001
436.005165100098	250114536.75	20000000.376	38046697.795
437.003566980362	250114536.75	20000001.104	38055103.691
438.001969099045	250114536.74975	19999997.805	38059844.188
439.000370979309	250114536.75075	20000000.824	38062482.092
440.014372110367	250114536.7495	19999999.56	38052699.689
441.012773990631	250114536.75	20000001.633	38046057.459
442.011176109314	250114536.75	19999999.431	38043338.901
443.009577989578	250114536.75	19999999.908	38051508.8330001
444.007978916168	250114536.74975	19999999.045	38074359.3609999
445.006381034851	250114536.7505	20000000.193	38117190.734
446.004782915115	250114536.74975	19999999.667	38178038.373
447.003185033798	250114536.75025	20000001.678	38250576.56
448.001585960388	250114536.74975	19999999.723	38333253.527
448.999988079071	250114536.7505	19999999.383	38422637.789
450.013989925385	250114536.7485	20000000.9960001	38509212.638
451.012392044067	250114536.75025	19999999.739	38588840.854
452.010792970657	250114536.751	20000000.094	38664746.123
453.00919508934	250114536.75025	20000000.068	38734005.708
454.007596969604	250114536.749	20000000.6370001	38794900.446
455.005999088287	250114536.751	19999998.796	38843410.3710001
456.004400014877	250114536.749	20000000.3629999	38884839.5549999
457.00280213356	250114536.751	19999999.189	38926752.85
458.001204013824	250114536.74925	20000000.607	38968631.72
458.999606132507	250114536.75075	19999999.2290001	39010632.8839999
460.013607978821	250114536.74975	20000000.0489999	39046856.1210001
461.012008905411	250114536.7495	19999999.8620001	39076984.536
462.010411024094	250114536.75025	20000000.0189999	39096654.4549999
463.008812904358	250114536.75025	20000000.209	39100365.2260001
464.007215023041	250114536.749	19999999.015	39093100.6029999
465.005615949631	250114536.751	20000000.5860001	39073826.773
466.004018068314	250114536.75025	20000001.487	39050924.6600001
467.002419948578	250114536.74975	20000001.061	39026330.4399999
468.000822067261	250114536.75025	19999998.4249999	38999491.066
469.0148229599	250114536.74975	20000000.48	38969904.6550001
470.013225078583	250114536.75025	19999999.72	38930556.9449999
471.011626958847	250114536.74875	19999998.721	38883383.506
472.01002907753	250114536.75175	20000000.905	38824055.191
473.00843000412	250114536.74875	20000000.684	38755914.1439999
474.006832122803	250114536.75025	20000000.7160001	38682449.231
475.005234003067	250114536.7495	19999998.683	38614180.972
476.00363612175	250114536.75025	19999999.517	38554721.481
477.00203704834	250114536.75025	19999999.5550001	38500035.855
478.000438928604	250114536.7505	20000001.558	38458615.521
479.014441013336	250114536.74975	19999998.742	38420299.59
480.012843132019	250114536.75	20000000.403	38393964.614
481.011244058609	250114536.74975	20000000.426	38375671.721
482.009645938873	250114536.7495	19999999.306	38364744.672
483.008048057556	250114536.75025	20000000.727	38360878.466
484.00644993782	250114536.75025	19999999.445	38361558.9030001
485.004851102829	250114536.75025	19999999.85	38366734.8979999
486.003252983093	250114536.75	20000001.961	38376047.1210001
487.001655101776	250114536.749	19999999.282	38384583.915
488.00005698204	250114536.751	19999999.435	38393298.293
489.014058113098	250114536.74925	19999999.707	38397299.12
490.012459993362	250114536.75075	20000001.072	38395634.056
491.010862112045	250114536.74925	19999999.292	38385384.76
492.00926399231	250114536.75075	19999999.5	38369266.169
493.0076649189	250114536.74925	19999999.577	38351261.357
494.006067037582	250114536.7515	20000000.7140001	38330821.975
495.004468917847	250114536.749	20000000.603	38309108.585
496.00287103653	250114536.74975	19999999.579	38288560.25
497.00127196312	250114536.75	19999999.303	38270266.104
498.015274047852	250114536.75075	20000000.275	38254326.863
499.013675928116	250114536.74975	19999999.251	38243763.589
500.012078046799	250114536.74975	20000001.177	38229854.079
501.010479927063	250114536.7495	19999999.586	38212977.943
502.008881092072	250114536.751	19999999.815	38190165.154
503.007282972336	250114536.7505	20000000.781	38161205.206
504.005685091019	250114536.74875	19999999.456	38129402.98
505.004086971283	250114536.7505	20000000.6720001	38091755.304
506.002488136292	250114536.749	19999999.4629999	38052491.97
507.000890016556	250114536.75075	20000000.1770001	38007979.779
508.014892101288	250114536.75	19999999.3069999	37963252.615
509.013293981552	250114536.75	20000001.0270001	37915097.444
510.011694908142	250114536.7505	20000000.679	37866687.223
511.010097026825	250114536.7495	19999999.226	37820032.265
512.008498907089	250114536.75	20000000.558	37781318.96
513.006901025772	250114536.75025	20000000.189	37744507.782
514.005301952362	250114536.75025	19999998.978	37718075.703
515.003704071045	250114536.749	19999999.317	37691864.035
516.002105951309	250114536.75075	20000000.4499999	37664809.7280001
517.000508069992	250114536.7495	19999998.82	37629647.837
518.014508962631	250114536.7505	20000001.4699999	37588649.7029999
519.012911081314	250114536.7505	20000000.513	37540951.398
520.011312961578	250114536.74875	19999999.3360001	37490563.742
521.009715080261	250114536.7505	20000000.15	37445962.888
522.008116006851	250114536.75025	19999999.6259999	37409059.4460001
523.006518125534	250114536.7495	20000000.182	37387037.467
524.004920005798	250114536.74975	19999999.727	37378051.732
525.003322124481	250114536.75	19999999.48	37383728.574
526.001723051071	250114536.7505	19999999.857	37401066.5439999
527.015725135803	250114536.7505	20000000.375	37430056.58
528.014127016068	250114536.74975	20000001.6	37467127.487
529.01252913475	250114536.75	19999998.803	37509365.77
530.01093006134	250114536.74975	20000000.012	37551334.544
531.009331941605	250114536.74975	19999999.435	37593568.924
532.007734060287	250114536.75	20000001.023	37635967.334
533.006135940552	250114536.75	19999999.368	37673205.679
534.00453710556	250114536.75	19999999.956	37703049.318
535.002938985825	250114536.7505	20000000.447	37721871.495
536.001341104507	250114536.74875	20000000.789	37728594.835
537.015342950821	250114536.75075	19999998.485	37727715.968
538.013745069504	250114536.75075	19999999.353	37731735.668
539.012145996094	250114536.7495	20000001.358	37737536.163
540.010548114777	250114536.74975	20000000.316	37749045.448
541.008949995041	250114536.75025	19999999.384	37766218.991
542.007352113724	250114536.75	20000000.485	37786283.347
543.005753040314	250114536.74925	19999998.796	37806246.743
544.004154920578	250114536.751	20000000.46	37820325.358
545.002557039261	250114536.75075	19999999.774	37826267.355
546.000958919525	250114536.74925	20000001.022	37829779.548
547.014960050583	250114536.7495	19999998.916	37836099.2099999
548.013361930847	250114536.751	20000000.616	37843871.0090001
549.01176404953	250114536.74925	19999999.786	37847653.312
550.010165929794	250114536.74875	20000000.963	37844995.3319999
551.008567094803	250114536.751	20000000.116	37833195.9080001
552.006968975067	250114536.74975	19999998.126	37816734.885
553.00537109375	250114536.74975	20000000.62	37790124.1439999
554.003772974014	250114536.75125	20000000.739	37758457.7210001
555.002174139023	250114536.75	20000000.695	37718502.0179999
556.000576019287	250114536.74875	19999999.808	37671803.199
557.014578104019	250114536.75075	19999999.674	37617967.447
558.012979984283	250114536.7505	19999998.9380001	37559883.536
559.011380910873	250114536.75	20000000.022	37507579.849
560.009783029556	250114536.749	20000000.544	37460214.481
561.008184909821	250114536.7505	20000000.653	37419544.146
562.006587028503	250114536.7495	19999999.518	37377097.161
563.004987955093	250114536.7505	19999999.273	37333866.856
564.003390073776	250114536.7485	19999999.518	37289147.374
565.001791954041	250114536.7515	20000000.584	37241350.695
566.015794038773	250114536.75025	20000000.726	37194290.551
567.014194965363	250114536.74975	19999999.525	37149545.359
568.012597084045	250114536.75025	19999999.8160001	37114767.519
569.01099896431	250114536.75	19999999.614	37084716.548
570.009401082993	250114536.75025	20000001.498	37063162.204
571.007802009583	250114536.74975	19999998.846	37053406.924
572.006204128265	250114536.75025	20000001.505	37051271.145
573.00460600853	250114536.7495	19999999.722	37063523.2639999
574.003008127213	250114536.75025	19999998.966	37090658.7850001
575.001409053802	250114536.75	20000000.268	37129874.1999999
576.015411138535	250114536.74975	19999999.398	37172408.858
577.013813018799	250114536.749	20000001.0930001	37219236.887
578.012215137482	250114536.751	19999999.783	37267716.643
579.010617017746	250114536.7505	19999998.954	37316175.756
580.009017944336	250114536.74925	20000001.415	37360316.1409999
581.007420063019	250114536.7505	19999999.39	37400743.824
582.005821943283	250114536.75	20000000.5250001	37439637.801
583.004224061966	250114536.75	20000000.4629999	37475640.0370001
584.002624988556	250114536.74975	19999998.624	37510228.564
585.001027107239	250114536.7495	20000000.748	37540573.5549999
586.015028953552	250114536.75075	19999999.604	37567395.842
587.013431072235	250114536.74925	20000000.686	37590500.115
588.011831998825	250114536.7505	19999999.784	37611521.669
589.010234117508	250114536.74975	19999998.895	37635796.804
590.008635997772	250114536.75025	20000001.085	37660954.656
591.007038116455	250114536.74975	19999999.5	37683879.651
592.005439043045	250114536.7505	19999999.718	37706663.24
593.003840923309	250114536.74975	20000000.769	37724968.597
594.002243041992	250114536.7495	20000000.132	37741281.001
595.016245126724	250114536.75075	19999998.104	37753439.398
596.014646053314	250114536.75	20000001.562	37758767.837
597.013047933578	250114536.74975	20000000.633	37758763.386
598.011450052261	250114536.7495	19999999.559	37748662.144
599.009851932526	250114536.751	19999999.204	37735029.995
600.008253097534	250114536.74925	20000000.707	37714778.396
601.006654977798	250114536.75075	20000000.377	37691401.916
602.005057096481	250114536.74925	19999999.33	37669132.3399999
603.003458976746	250114536.75	19999999.458	37647372.0420001
604.001860141754	250114536.7505	20000001.562	37626966.915
605.015861988068	250114536.75	19999999.524	37607639.8870001
606.01426410675	250114536.74875	19999999.882	37594663.7309999
607.012665987015	250114536.75075	19999998.637	37585880.758
608.011066913605	250114536.7505	20000001.124	37580513.632
609.009469032288	250114536.749	19999999.882	37582518.756
610.007870912552	250114536.7505	20000000.725	37586490.1209999
611.006273031235	250114536.7495	19999999.328	37590160.378
612.004673957825	250114536.75075	20000000.025	37588858.543
613.003076076508	250114536.74925	19999999.8360001	37585622.9760001
614.001477956772	250114536.75125	20000000.933	37581784.956
615.015480041504	250114536.75	20000000.533	37575481.37
616.013881921768	250114536.74925	19999998.3709999	37565490.031
617.012283086777	250114536.75025	20000000.3030001	37561721.046
618.010684967041	250114536.7495	19999999.403	37561341.251
619.009087085724	250114536.7505	20000000.257	37559168.407
620.007488965988	250114536.74975	20000000.326	37558530.886
621.005890130997	250114536.751	19999999.4350001	37557865.997
622.004292011261	250114536.7495	19999999.643	37561246.958
623.002694129944	250114536.74975	20000001.334	37574587.127
624.016695976257	250114536.749	19999999.464	37594774.397
625.015097141266	250114536.7515	20000000.679	37621465.918
626.01349902153	250114536.74975	19999998.773	37652047.401
627.011901140213	250114536.7495	20000000.0949999	37682717.9640001
628.010303020477	250114536.75025	20000000.4350001	37715107.308
629.008703947067	250114536.75	20000000.0899999	37747162.579
630.00710606575	250114536.75025	19999999.674	37774473.516
631.005507946014	250114536.74975	19999999.865	37795788.785
632.003910064697	250114536.75025	20000000.395	37804856.566
633.002310991287	250114536.7495	20000000.1340001	37801482.5830001
634.016313076019	250114536.75025	20000000.055	37783138.28
635.014714956284	250114536.7495	19999999.5140001	37762473.553
636.013117074966	250114536.7505	19999999.096	37741710.964
637.011518001556	250114536.74975	20000002.299	37720633.9250001
638.009920120239	250114536.75	19999998.283	37708189.333
639.008322000504	250114536.751	20000000.216	37710514.016
640.006724119186	250114536.74925	20000000.675	37724600.643
641.005125045776	250114536.75025	19999999.5	37745159.495
642.003526926041	250114536.75	20000000.493	37767294.276
643.001929044724	250114536.74925	19999999.162	37786823.115
644.015931129456	250114536.7505	20000000.956	37805046.129
645.014332056046	250114536.75	19999998.81	37820389.292
646.01273393631	250114536.75	20000001.252	37833202.692
647.011136054993	250114536.7505	19999998.52	37846172.209
648.009537935257	250114536.7495	20000001.238	37871702.045
649.007939100266	250114536.7495	20000000.658	37903432.757
650.00634098053	250114536.7505	19999999.36	37942320.41
651.004743099213	250114536.7505	20000000.006	37990921.519
652.003144979477	250114536.7495	19999999.805	38051208.841
653.017147064209	250114536.75025	19999999.755	38118459.323
654.015547990799	250114536.749	19999999.623	38186462.547
655.013950109482	250114536.75125	20000000.598	38256871.939
656.012351989746	250114536.74975	19999999.74	38326472.36
657.010754108429	250114536.75	19999999.841	38398692.752
658.009155035019	250114536.7495	20000000.638	38473993.984
659.007556915283	250114536.75025	19999999.325	38540256.13
660.005959033966	250114536.75	20000000.708	38596929.546
661.00436091423	250114536.74925	19999999.542	38639021.544
662.002762079239	250114536.75075	20000000.117	38658867.01
663.016763925552	250114536.74975	19999999.627	38659598.753
664.015166044235	250114536.75025	19999999.483	38646770.85
665.0135679245	250114536.7505	20000002.002	38623417.527
666.011969089508	250114536.7495	19999999.865	38597136.6290001
667.010370969772	250114536.75	19999998.8760001	38569712.2179999
668.008773088455	250114536.75075	19999999.138	38543117.477
669.007174968719	250114536.749	20000001.545	38520369.28
670.005576133728	250114536.75025	19999999.834	38503769.7470001
671.003978013992	250114536.7505	20000000.038	38492730.9649999
672.002380132675	250114536.74925	19999999.711	38485301.314
673.016381978989	250114536.75025	20000000.1800001	38478766.521
674.014782905579	250114536.7505	20000000.668	38468562.317
675.013185024261	250114536.74975	19999998.6110001	38452684.929
676.011586904526	250114536.75	19999999.466	38437455.29
677.009989023209	250114536.74975	20000000.41	38423041.657
678.008389949799	250114536.7495	20000000.858	38413605.351
679.006792068481	250114536.75	19999999.896	38410447.035
680.005193948746	250114536.74975	19999999.941	38416409.421
681.003596067429	250114536.75125	19999999.808	38434029.327
682.017596960068	250114536.75	19999999.725	38462613.032
683.015999078751	250114536.749	19999999.778	38500933.313
684.014400959015	250114536.74975	20000000.709	38541844.06
685.012803077698	250114536.7515	19999998.961	38583139.874
686.011204004288	250114536.74925	20000001.6440001	38624120.3560001
687.009606122971	250114536.75	20000000.3859999	38663351.738
688.008008003235	250114536.7495	19999999.085	38693926.7539999
689.006410121918	250114536.75	19999999.9120001	38723694.727
690.004811048508	250114536.75075	19999999.7069999	38750639.914
691.003212928772	250114536.7495	20000000.6210001	38784014.785
692.017215013504	250114536.74975	19999999.26	38826284.204
693.015617132187	250114536.7505	20000000.616	38867872.801
694.014019012451	250114536.75025	19999999.336	38903102.325
695.012419939041	250114536.7495	20000001.241	38925223.5899999
696.010822057724	250114536.7505	19999999.271	38932072.638
697.009223937988	250114536.7495	19999999.875	38925377.9610001
698.007626056671	250114536.75025	20000000.226	38915135.1769999
699.006026983261	250114536.74925	20000000.019	38908441.257
700.004429101944	250114536.7495	20000000.292	38904199.153
701.002830982208	250114536.751	20000000.377	38901638.974
702.01683306694	250114536.75	19999998.758	38898945.204
703.01523399353	250114536.7505	20000001.576	38898023.25
704.013636112213	250114536.74975	19999998.976	38893711.226
705.012037992477	250114536.74975	19999999.619	38882908.954
706.01044011116	250114536.75	20000000.507	38857146.362
707.00884103775	250114536.75025	20000000.018	38815839.972
708.007242918015	250114536.74925	19999999.171	38766129.5890001
709.005645036697	250114536.75075	19999998.918	38708776.086
710.004046916962	250114536.75025	20000001.993	38651456.476
711.00244808197	250114536.74975	19999999.918	38593836.61
712.016449928284	250114536.75125	20000000.035	38537467.631
713.014852046967	250114536.748	20000000.201	38485553.401
714.013253927231	250114536.75025	19999999.884	38437616.6090001
715.011655092239	250114536.75075	19999998.5	38393590.1129999
716.010056972504	250114536.7495	20000001.388	38354393.89
717.008459091187	250114536.75025	19999999.5779999	38317465.218
718.006860971451	250114536.75025	20000000.354	38286899.53
719.005262136459	250114536.74925	19999999.1470001	38257670.3100001
720.003664016724	250114536.75125	20000001.026	38229507.8809999
721.017666101456	250114536.749	20000000.6049999	38209396.01
722.01606798172	250114536.75025	19999998.697	38200202.9840001
723.01446890831	250114536.74975	19999998.978	38201930.773
724.012871026993	250114536.75075	20000001.168	38214648.0669999
725.011272907257	250114536.749	20000000.5650001	38237178.1960001
726.00967502594	250114536.75025	19999999.7329999	38268268.142
727.00807595253	250114536.75	19999999.377	38298547.534
728.006478071213	250114536.7495	20000000.1140001	38324770.695
729.004879951477	250114536.75075	20000000.25	38338581.592
730.00328207016	250114536.74975	19999999.541	38342720.487
731.017283916473	250114536.7505	20000000.8609999	38333652.459
732.015685081482	250114536.7495	19999999.7920001	38316422.412
733.014086961746	250114536.7505	19999999.814	38287798.394
734.012489080429	250114536.74975	19999999.601	38247418.689
735.010890960693	250114536.7495	19999999.904	38194698.083
736.009292125702	250114536.7505	20000001.1949999	38132269.079
737.007694005966	250114536.75	19999999.2080001	38067443.5790001
738.006096124649	250114536.75025	20000000.3429999	38002868.059
739.004498004913	250114536.7495	19999999.234	37947744.247
740.002898931503	250114536.75	20000000.656	37904556.833
741.016901016235	250114536.74975	20000000.4120001	37869956.514
742.015303134918	250114536.74975	19999999.831	37850966.668
743.013705015183	250114536.75025	19999999.109	37854325.821
744.012105941772	250114536.74975	20000000.62	37877136.059
745.010508060455	250114536.75	20000000.141	37916279.9119999
746.00890994072	250114536.75075	20000000.138	37966358.467
747.007312059402	250114536.7505	19999999.528	38026602.133
748.005712985992	250114536.75	20000000.302	38087477.765
749.004115104675	250114536.74975	19999999.83	38150761.483
750.018116950989	250114536.75	20000000.132	38214960.762
751.016519069672	250114536.7495	19999999.761	38275766.771
752.014919996262	250114536.75025	20000000.771	38337535.4630001
753.013322114944	250114536.75025	19999999.418	38396352.9139999
754.011723995209	250114536.74975	19999998.841	38451173.4840001
755.010126113892	250114536.74975	20000001.366	38503491.913
756.008527040482	250114536.74975	20000000.425	38549145.22
757.006928920746	250114536.75025	19999999.146	38591314.72
758.005331039429	250114536.7505	20000000.454	38629423.733
759.003732919693	250114536.74975	19999999.023	38661518.638
760.017734050751	250114536.7505	20000000.673	38689165.393
761.016135931015	250114536.7495	20000000.082	38716781.95
762.014538049698	250114536.75	20000000.642	38741218.558
763.012939929962	250114536.75075	19999999.284	38758883.81
764.011341094971	250114536.749	20000000.533	38771275.722
765.009742975235	250114536.75	20000000.775	38780928.362
766.008145093918	250114536.7505	19999998.798	38793238.545
767.006546974182	250114536.74975	19999998.114	38814278.974
768.004948139191	250114536.75025	20000001.848	38840286.627
769.003350019455	250114536.749	19999999.872	38865747.395
770.017352104187	250114536.7515	19999999.44	38883699.507
771.015753984451	250114536.7485	20000000.453	38895519.21
772.014156103134	250114536.751	20000000.211	38899284.442
773.012557029724	250114536.75025	19999999.216	38898464.98
774.010958909988	250114536.7495	20000000.4710001	38891350.171
775.009361028671	250114536.74975	20000001.089	38880737.2859999
776.007762908936	250114536.75	19999999.2659999	38864051.2690001
777.006164073944	250114536.75	20000000.1570001	38844911.645
778.004565954208	250114536.7505	19999999.658	38827559.1700001
779.01856803894	250114536.7505	20000000.817	38808037.8349999
780.016969919205	250114536.749	19999998.933	38796613.179
781.015371084213	250114536.7505	20000000.436	38791600.538
782.013772964478	250114536.7495	19999999.258	38788380.316
783.01217508316	250114536.751	20000000.332	38783081.1750001
784.010576963425	250114536.749	20000000.29	38774890.323
785.008978128433	250114536.75025	19999998.997	38761988.986
786.007380008698	250114536.7495	20000001.628	38753074.843
787.00578212738	250114536.7505	19999998.858	38751822.579
788.004184007645	250114536.74925	20000000.5319999	38759951.389
789.018185138702	250114536.751	19999999.3280001	38771888.998
790.016587018967	250114536.7495	20000000.2689999	38787504.896
791.01498913765	250114536.7505	20000000.3660001	38814811.051
792.013391017914	250114536.74975	19999998.6949999	38851240.776
793.011791944504	250114536.7495	20000001.2900001	38902562.839
794.010194063187	250114536.7505	20000000.7869999	38960073.395
795.008595943451	250114536.7495	19999999.382	39025882.897
796.006998062134	250114536.751	20000000.71	39088276.722
797.005398988724	250114536.749	20000000.369	39147588.7320001
798.003801107407	250114536.7515	19999998.533	39204125.035
799.01780295372	250114536.7485	20000000.34	39252915.614
800.016205072403	250114536.7505	20000000.528	39290414.83
801.014605998993	250114536.75025	19999998.651	39314712.99
802.013008117676	250114536.7495	20000000.789	39334064.8049999
803.01140999794	250114536.74975	19999999.884	39348281.8310001
804.009812116623	250114536.75025	20000000.745	39362656.5009999
805.008213043213	250114536.75025	19999998.66	39381126.092
806.006614923477	250114536.75	20000001.004	39404856.683
807.00501704216	250114536.75025	19999999.276	39432815.311
808.019019126892	250114536.7495	20000000.653	39462020.233
809.017421007156	250114536.75025	19999999.083	39490089.949
810.015821933746	250114536.7505	19999999.834	39516638.9860001
811.014224052429	250114536.7495	20000000.625	39542680.244
812.012625932693	250114536.75025	19999999.688	39569081.785
813.011028051376	250114536.7495	20000000.634	39596331.449
814.009428977966	250114536.7505	19999999.597	39623918.693
815.007831096649	250114536.749	20000000.381	39658156.981
816.006232976913	250114536.751	20000000.388	39694900.177
817.004635095596	250114536.75	19999999.497	39733338.827
818.018635988235	250114536.74975	20000000.539	39770063.888
819.017038106918	250114536.7495	19999998.929	39801725.912
820.015439987183	250114536.75075	20000000.696	39827977.42
821.013842105865	250114536.75	19999999.386	39841778.993
822.012243032455	250114536.7495	20000000.747	39844074.101
823.01064491272	250114536.7505	20000000.312	39836915.186
824.009047031403	250114536.75025	19999999.376	39817685.06
825.007448911667	250114536.749	19999999.691	39786466.296
826.005850076675	250114536.7505	19999999.849	39752681.541
827.00425195694	250114536.75	20000000.039	39718844.1849999
828.018254041672	250114536.7505	20000000.41	39683940.502
829.016655921936	250114536.74975	19999999.8839999	39654713.932
830.015057086945	250114536.74975	20000000.222	39621695.6440001
831.013458967209	250114536.74975	19999999.383	39585648.73
832.011861085892	250114536.7505	20000000.166	39545279.375
833.010262966156	250114536.749	20000000.72	39502848.4859999
834.008664131165	250114536.75075	19999999.872	39460874.007
835.007066011429	250114536.7495	19999999.844	39424380.58
836.005468130112	250114536.7505	19999999.576	39393132.2
837.019469976425	250114536.75	19999999.886	39376184.7479999
838.017871141434	250114536.75025	20000000.478	39371492.992
839.016273021698	250114536.75025	19999999.9419999	39383877.5
840.014675140381	250114536.74975	20000000.5990001	39406737.808
841.013077020645	250114536.75025	19999998.8959999	39436528.653
842.011477947235	250114536.74925	20000000.8920001	39477759.668
843.009880065918	250114536.75	19999999.574	39529717.554
844.008281946182	250114536.75025	20000000.924	39599268.656
845.006684064865	250114536.7505	19999998.8149999	39673671.223
846.005084991455	250114536.749	20000000.608	39751414.777
847.019087076187	250114536.7505	19999999.594	39821135.092
848.017488956451	250114536.75	20000000.48	39879397.114
849.015891075134	250114536.74975	20000000.3889999	39919972.961
850.014292955399	250114536.74975	19999998.949	39942934.744
851.012694120407	250114536.75075	20000000.4070001	39955889.451
852.011096000671	250114536.74975	20000000.151	39964453.9829999
853.009498119354	250114536.75	19999999.493	39977271.562
854.007899999619	250114536.7505	20000000.537	40002279.497
855.006300926209	250114536.74975	19999999.727	40032702.181
856.004703044891	250114536.75075	20000000.631	40063192.806
857.018705129623	250114536.74925	19999999.279	40095270.2870001
858.017107009888	250114536.74975	20000001.04	40133338.933
859.015507936478	250114536.75	19999998.555	40168991.426
860.013910055161	250114536.75	20000000.382	40198998.738
861.012311935425	250114536.7505	20000000.227	40223296.6849999
862.010714054108	250114536.749	19999999.863	40232902.564
863.009114980698	250114536.751	20000000.259	40227696.78
864.00751709938	250114536.7495	19999999.137	40224245.893
865.005918979645	250114536.75	20000000.357	40223685.783
866.019921064377	250114536.74975	20000000.219	40222142.373
867.018321990967	250114536.7505	19999999.5599999	40210461.246
868.01672410965	250114536.74925	20000001.404	40188181.152
869.015125989914	250114536.75025	19999999.014	40158693.983
870.013528108597	250114536.74975	20000000.877	40135591.23
871.011929035187	250114536.75	19999998.247	40118513.759
872.010330915451	250114536.75125	20000000.892	40097437.661
873.008733034134	250114536.749	20000000.542	40068929.836
874.007134914398	250114536.74975	19999999.898	40039519.513
875.005536079407	250114536.75075	20000000.323	40008740.138
876.01953792572	250114536.7495	19999998.601	39976969.446
877.017940044403	250114536.75025	19999999.882	39946006.804
878.016341924667	250114536.75075	20000000.729	39919557.632
879.014743089676	250114536.74875	19999999.831	39892782.9350001
880.01314496994	250114536.75025	19999999.813	39862348.015
881.011547088623	250114536.75025	19999999.5860001	39835779.656
882.009948968887	250114536.74975	20000001.5899999	39818751.9499999
883.008350133896	250114536.7505	19999999.6300001	39805559.215
884.00675201416	250114536.74975	20000000.479	39787885.6390001
885.005154132843	250114536.75	20000000.369	39771070.2019999
886.019155979156	250114536.7495	19999998.562	39753912.623
887.017558097839	250114536.7505	19999999.6389999	39746437.4990001
888.015959024429	250114536.7495	20000000.485	39736352.2839999
889.014360904694	250114536.75075	19999999.745	39729716.5860001
890.012763023376	250114536.75075	19999999.903	39734739.925
891.011165142059	250114536.74925	20000000.803	39750599.902
892.009566068649	250114536.74925	19999999.1670001	39772057.445
893.007967948914	250114536.7505	20000000.8149999	39796023.003
894.006370067596	250114536.75	19999999.307	39822085.514
895.004771947861	250114536.7495	19999999.567	39841165.362
896.018773078918	250114536.7505	20000000.548	39853730.135
897.017174959183	250114536.7505	20000001.873	39863144.242
898.015577077866	250114536.74975	19999997.753	39874188.435
899.01397895813	250114536.7495	20000001.1749999	39895910.507
900.012380123138	250114536.75025	19999998.745	39928212.687
901.010782003403	250114536.75	19999999.9680001	39969949.541
902.009184122086	250114536.74975	20000000.849	40019559.608
903.00758600235	250114536.74975	20000000.4879999	40074550.175
904.00598692894	250114536.75075	19999998.766	40131125.131
905.019989013672	250114536.75	20000000.66	40190436.799
906.018391132355	250114536.7495	20000000.22	40256980.289
907.016793012619	250114536.75025	20000001.385	40319572.7590001
908.015193939209	250114536.75025	19999998.518	40376578.242
909.013596057892	250114536.749	20000000.568	40430438.294
910.011997938156	250114536.7505	20000000.745	40486868.3099999
911.010400056839	250114536.7495	19999999.864	40547673.237
912.008800983429	250114536.751	19999998.822	40600557.364
913.007203102112	250114536.74975	19999999.15	40631792.825
914.005604982376	250114536.74925	20000001.194	40647511.211
915.019607067108	250114536.75075	20000000.149	40646911.112
916.018007993698	250114536.75025	19999999.595	40601492.199
917.016410112381	250114536.75	19999998.515	40498256.381
918.014811992645	250114536.75	20000001.456	40343524.015
919.013214111328	250114536.74975	19999999.299	40149300.25
920.011615037918	250114536.749	19999999.958	39919873.722
921.010016918182	250114536.75075	20000000.794	39663036.049
922.008419036865	250114536.7505	19999998.804	39389208.512
923.00682091713	250114536.74975	20000000.42	39107010.874
924.005222082138	250114536.75075	20000000.398	38825423.787
925.019223928452	250114536.7495	20000000.377	38545698.414
926.017626047134	250114536.74975	19999999.324	38278791.858
927.016027927399	250114536.74975	20000000.235	38029698.706
928.014430046082	250114536.75025	20000000.768	37797124.885
929.012830972672	250114536.7495	19999999.904	37586377.377
930.011233091354	250114536.75125	19999999.807	37392295.639
931.009634971619	250114536.75	20000000.253	37202059.13
932.008037090302	250114536.7485	19999999.9249999	37036251.2780001
933.006438016891	250114536.75075	19999999.794	36899518.4829999
934.020440101624	250114536.74975	20000000.023	36785972.955
935.018841981888	250114536.751	19999998.962	36686922.057
936.017244100571	250114536.74975	20000000.819	36584444.54
937.015645027161	250114536.75	19999999.299	36477099.409
938.014046907425	250114536.749	20000000.6749999	36386005.625
939.012449026108	250114536.75	19999999.445	36311792.655
940.010850906372	250114536.7505	20000000.4859999	36261981.8
941.009252071381	250114536.74975	19999999.8760001	36232740.288
942.007653951645	250114536.75025	20000000.824	36219224.7950001
943.006056070328	250114536.7505	19999999.606	36228007.173
944.020057916641	250114536.7495	20000000.013	36253545.795
945.01845908165	250114536.75	20000000.0190001	36281704.7440001
946.016860961914	250114536.74975	19999999.1889999	36315355.247
947.015263080597	250114536.7495	20000000.108	36350692.688
948.013664960861	250114536.7515	19999999.9630001	36384411.242
949.01206612587	250114536.74925	19999999.867	36411890.816
950.010468006134	250114536.75025	20000000.6079999	36433737.377
951.008870124817	250114536.75	19999999.8710001	36456503.05
952.007272005081	250114536.75	20000000.418	36477065.505
953.005672931671	250114536.75	19999998.997	36491920.705
954.019675016403	250114536.75	20000000.0370001	36500755.488
955.018077135086	250114536.74975	20000000.653	36498934.183
956.01647901535	250114536.74975	19999999.948	36496724.328
957.01487994194	250114536.74975	20000001.76	36498698.274
958.013282060623	250114536.7505	19999998.138	36504824.29
959.011683940887	250114536.75025	20000001.099	36514976.906
960.01008605957	250114536.7495	19999999.2770001	36525326.514
961.00848698616	250114536.75025	19999999.45	36541294.23
962.006889104843	250114536.75025	20000000.297	36562605.6210001
963.020890951157	250114536.74925	20000000.867	36587188.183
964.019293069839	250114536.7515	19999998.725	36607447.439
965.017694950104	250114536.74875	20000000.423	36624589.7309999
966.016096115112	250114536.75025	19999999.359	36646721.0780001
967.014497995377	250114536.74975	20000000.143	36674844.8889999
968.012900114059	250114536.75025	20000001.044	36710499.01
969.011301994324	250114536.75025	19999999.194	36756106.1220001
970.009702920914	250114536.7495	20000000.623	36807819.9949999
971.008105039597	250114536.75075	20000000.454	36864150.301
972.006506919861	250114536.7495	19999999.528	36919655.3490001
973.020509004593	250114536.74925	20000000.014	36974940.374
974.018909931183	250114536.7505	19999999.595	37031065.822
975.017312049866	250114536.75025	20000000.113	37090384.1539999
976.01571393013	250114536.74975	20000000.771	37147922.921
977.014116048813	250114536.74975	19999998.847	37209794.783
978.012516975403	250114536.75025	20000000.464	37265865.057
979.010919094086	250114536.751	19999999.865	37322391.532
980.00932097435	250114536.74925	20000000.456	37373870.41
981.007723093033	250114536.75025	20000000.047	37419161.344
982.006124019623	250114536.74975	20000000.82	37462085.399
983.020126104355	250114536.74975	19999999.745	37506579.422
984.018527984619	250114536.7505	19999999.304	37549748.2690001
985.016930103302	250114536.7495	20000000.0319999	37596560.687
986.015331029892	250114536.75	20000000.772	37642687.811
987.013732910156	250114536.75025	19999999.4490001	37686404.578
988.012135028839	250114536.7505	20000000.6789999	37736391.526
989.010536909103	250114536.74975	19999999.3390001	37778830.408
990.008938074112	250114536.75	19999999.7049999	37825592.841
991.007339954376	250114536.75	20000000.6700001	37872200.044
992.021342039108	250114536.7495	20000000.446	37913549.631
993.019743919373	250114536.751	19999998.369	37949275.8279999
994.018145084381	250114536.74925	20000001.318	37982383.262
995.016546964645	250114536.75025	20000000.041	38016849.218
996.014949083328	250114536.7495	19999999.1700001	38047186.142
997.013350963593	250114536.75025	20000000.2969999	38078085.2820001
998.011752128601	250114536.74925	20000000.7340001	38107415.382
999.010154008865	250114536.75075	19999999.232	38135003.52
1000.00855612755	250114536.75025	20000001.752	38152400.233
1001.00695800781	250114536.74975	19999998.3939999	38160244.13
1002.02096009254	250114536.75	20000000.7030001	38152960.425
1003.01936101913	250114536.74975	19999999.031	38129165.709
1004.01776313782	250114536.7505	20000000.647	38089105.957
1005.01616501808	250114536.75	19999999.289	38048388.289
1006.01456713676	250114536.75025	19999999.096	38007749.573
1007.01296806335	250114536.7495	20000001.272	37959453.37
1008.01136994362	250114536.75	19999999.3430001	37905640.773
1009.0097720623	250114536.74975	20000000.4	37844999.731
1010.00817394257	250114536.751	20000000.7720001	37790173.639
1011.00657510757	250114536.7495	20000000.4469999	37735256.769
1012.02057695389	250114536.7505	19999998.814	37678281.388
1013.01897907257	250114536.74925	20000000.487	37633730.789
1014.01738095284	250114536.74975	19999999.569	37600303.157
1015.01578211784	250114536.75025	20000000.224	37582685.965
1016.01418399811	250114536.7505	20000000.199	37582202.559
1017.01258611679	250114536.7495	20000000.159	37592570.886
1018.01098799706	250114536.7505	20000000.173	37607926.78
1019.00938892365	250114536.74975	19999998.096	37630282.33
1020.00779104233	250114536.74975	20000001.64	37652375.91
1021.02179312706	250114536.75	20000001.16	37668159.132
1022.02019500732	250114536.7495	19999998.341	37680843.2190001
1023.01859593391	250114536.75025	20000000.794	37679966.456
1024.0169980526	250114536.7505	19999998.426	37669013.462
1025.01539993286	250114536.7495	20000002.059	37658931.293
1026.01380205154	250114536.74925	19999999.72	37654247.063
1027.01220297813	250114536.75075	19999999.997	37661515.336
1028.01060509682	250114536.75025	19999999.994	37669365.1550001
1029.00900697708	250114536.7495	19999999.457	37679110.2539999
1030.00740909576	250114536.75025	20000000.3760001	37693079.682
1031.0214099884	250114536.75025	19999999.964	37707765.88
1032.01981210709	250114536.75125	19999999.366	37717569.0339999
1033.01821398735	250114536.74975	20000000.118	37729481.745
1034.01661610603	250114536.749	19999999.79	37749013.735
1035.01501703262	250114536.74975	19999999.913	37776078.085
1036.01341891289	250114536.75025	20000000.041	37807912.272
1037.01182103157	250114536.75	20000001.224	37842557.684
1038.01022291183	250114536.7505	19999999.345	37874435.229
1039.00862407684	250114536.7495	19999999.87	37905003.855
1040.00702595711	250114536.75025	20000000.6020001	37925300.333
1041.02102804184	250114536.7495	19999999.8609999	37946470.886
1042.0194299221	250114536.74975	20000000.086	37971153.77
1043.01783204079	250114536.7505	19999998.469	37993162.955
1044.01623296738	250114536.7505	20000001.0980001	38007136.647
1045.01463508606	250114536.74925	19999999.6260001	38014089.976
1046.01303696632	250114536.75025	20000000.222	38018946.685
1047.01143908501	250114536.7505	20000000.8549999	38019064.587
1048.0098400116	250114536.74925	19999999.0140001	38012132.824
1049.00824213028	250114536.75075	20000000.589	38006635.156
1050.02224397659	250114536.74975	19999999.979	38004886.9400001
1051.02064609528	250114536.74975	19999999.291	38009673.683
1052.01904702187	250114536.74975	20000000.227	38014409.093
1053.01744914055	250114536.75	19999999.24	38017320.895
1054.01585102081	250114536.75025	20000000.488	38019995.893
1055.0142531395	250114536.7495	20000000.554	38022396.14
1056.01265406609	250114536.75075	19999999.582	38022691.7639999
1057.01105594635	250114536.74975	20000000.0139999	38018095.6600001
1058.00945806503	250114536.75025	20000000.311	38009876.632
1059.0078599453	250114536.75	19999999.617	37993418.6159999
1060.02186107635	250114536.74975	19999999.7620001	37973691.4220001
1061.02026295662	250114536.75	19999999.903	37953016.983
1062.0186650753	250114536.75	20000000.6179999	37927935.256
1063.01706695557	250114536.75	19999998.811	37909626.429
1064.01546812057	250114536.751	20000001.125	37896782.885
1065.01387000084	250114536.74875	19999999.4020001	37890482.273
1066.01227211952	250114536.74975	20000000.729	37885531.771
1067.01067399979	250114536.751	20000000.4300001	37877734.847
1068.00907492638	250114536.74925	19999998.939	37865385.008
1069.00747704506	250114536.7505	20000000.518	37853651.096
1070.02147912979	250114536.74925	19999999.431	37838107.301
1071.01988101006	250114536.75125	20000001.027	37823575.005
1072.01828193665	250114536.74925	19999999.607	37811137.441
1073.01668405533	250114536.75025	19999999.702	37801625.316
1074.01508593559	250114536.74925	19999999.704	37795651.568
1075.01348805428	250114536.75025	20000001.606	37796489.169
1076.01188898087	250114536.7505	19999999.696	37802093.39
1077.01029109955	250114536.74975	19999998.862	37811949.709
1078.00869297981	250114536.7505	20000000.074	37826193.327
1079.0070950985	250114536.749	20000000.769	37840598.8759999
1080.02109694481	250114536.74975	19999998.108	37864436.591
1081.01949810982	250114536.75025	20000000.73	37893002.6730001
1082.01789999008	250114536.75	20000000.281	37923196.423
1083.01630210876	250114536.75	20000000.648	37955644.574
1084.01470398903	250114536.7505	19999999.559	37987256.869
1085.01310491562	250114536.75	19999998.56	38016815.649
1086.0115070343	250114536.74975	20000002.586	38042166.507
1087.00990891457	250114536.75	19999999.407	38066717.704
1088.00831103325	250114536.75025	19999998.832	38087143.9170001
1089.02231192589	250114536.75025	20000000.528	38104998.658
1090.02071404457	250114536.7495	20000001.018	38127404.013
1091.01911592484	250114536.75075	19999999.034	38150028.688
1092.01751804352	250114536.74925	20000000.545	38176217.229
1093.01591897011	250114536.74975	19999999.8369999	38210515.212
1094.01432108879	250114536.75075	19999999.27	38248522.809
1095.01272296906	250114536.75	19999999.7970001	38287057.139
1096.01112508774	250114536.74925	20000000.349	38322720.787
1097.00952601433	250114536.75075	19999999.8790001	38354827.057
1098.00792813301	250114536.74975	20000001.594	38380681.482
1099.02192997932	250114536.7495	19999999.043	38410380.905
1100.02033209801	250114536.751	19999999.8479999	38442539.912
1101.0187330246	250114536.7495	19999999.868	38479498.321
1102.01713490486	250114536.74975	19999999.352	38514935.071
1103.01553702354	250114536.75025	20000001.141	38540240.991
1104.01393914223	250114536.75	19999998.8429999	38554550.261
1105.01234006882	250114536.75	20000000.766	38552901.327
1106.01074194908	250114536.74975	19999999.641	38539318.127
1107.00914406776	250114536.75025	19999999.7819999	38516338.1030001
1108.00754594803	250114536.75	20000000.102	38488851.1099999
1109.02154707909	250114536.75075	20000000.7770001	38466690.1630001
1110.01994895935	250114536.74875	19999999.255	38452554.617
1111.01835107803	250114536.75025	20000000.475	38449256.1639999
1112.0167529583	250114536.75	20000001.17	38462475.5910001
1113.01515412331	250114536.7505	19999999.65	38489139.137
1114.01355600357	250114536.75	19999999.572	38527871.5470001
1115.01195812225	250114536.74925	20000000.0980001	38568144.6999999
1116.01036000252	250114536.751	19999998.9569999	38603041.72
1117.00876092911	250114536.74925	20000000.814	38632367.926
1118.02276301384	250114536.75025	19999999.455	38653802.715
1119.02116513252	250114536.75025	19999999.466	38666890.468
1120.01956701279	250114536.749	19999999.983	38670562.913
1121.01796913147	250114536.75125	20000000.541	38665311.801
1122.01637005806	250114536.74975	20000000.142	38654867.291
1123.01477193832	250114536.7505	20000001.244	38645122.101
1124.01317405701	250114536.749	19999998.813	38635385.043
1125.01157593727	250114536.75	19999999.26	38630013.132
1126.00997710228	250114536.75025	20000000.739	38618288.21
1127.00837898254	250114536.75	20000000.111	38601049.636
1128.02238106728	250114536.751	20000000.528	38572913.712
1129.02078294754	250114536.749	19999999.116	38536270.609
1130.01918411255	250114536.75	20000000.141	38495697.634
1131.01758599281	250114536.75	20000000.35	38453441.821
1132.0159881115	250114536.75025	20000000.769	38412193.064
1133.01438999176	250114536.74975	19999999.132	38375768.556
1134.01279091835	250114536.75	20000000.166	38342889.6770001
1135.01119303703	250114536.7505	20000000.134	38310026.532
1136.0095949173	250114536.7505	19999999.842	38279560.548
1137.00799703598	250114536.74925	19999999.922	38249572.6190001
1138.02199792862	250114536.75	20000001.707	38217548.584
1139.0204000473	250114536.74925	19999998.732	38190692.137
1140.01880192757	250114536.75025	19999999.077	38164628.261
1141.01720404625	250114536.74975	20000000.665	38141485.333
1142.01560497284	250114536.74975	19999999.403	38119070.654
1143.01400709152	250114536.75025	20000001.113	38093345.54
1144.01240897179	250114536.75025	19999999.416	38062199.6980001
1145.01081109047	250114536.75	19999999.395	38024672.3039999
1146.00921201706	250114536.75	20000000.242	37986874.296
1147.02321410179	250114536.7495	19999999.725	37948735.074
1148.02161598206	250114536.7505	20000000.566	37911361.853
1149.02001810074	250114536.7505	20000000.0879999	37876564.758
1150.01841902733	250114536.74975	19999999.758	37845635.004
1151.01682090759	250114536.74925	19999999.773	37816705.36
1152.01522302628	250114536.75025	20000001.012	37798972.013
1153.01362490654	250114536.75125	19999998.3840001	37788176.318
1154.01202607155	250114536.749	20000000.4319999	37785985.251
1155.01042795181	250114536.75025	20000000.217	37791827.511
1156.0088300705	250114536.74975	19999999.3740001	37806240.135
1157.02283191681	250114536.75025	20000000.9649999	37822041.256
1158.02123403549	250114536.7495	19999999.2570001	37847137.103
1159.01963496208	250114536.75075	20000000.9139999	37870233.33
1160.01803708076	250114536.74975	19999998.702	37887921.513
1161.01643896103	250114536.7505	20000001.166	37890898.3659999
1162.01484107971	250114536.7495	19999999.96	37883383.9580001
1163.0132420063	250114536.75	20000000.0289999	37869808.6869999
1164.01164412498	250114536.75	20000000.852	37850677.036
1165.01004600525	250114536.75025	19999999.493	37827874.712
1166.00844812393	250114536.74925	20000000.533	37801120.053
1167.02244901657	250114536.75075	19999998.905	37773861.947
1168.02085113525	250114536.7495	19999999.5020001	37746323.6620001
1169.01925301552	250114536.75	20000001.6389999	37723252.7049999
1170.0176551342	250114536.75	19999998.623	37708388.886
1171.01605606079	250114536.75075	20000000.2179999	37705840.147
1172.01445794106	250114536.74975	20000000.421	37718642.506
1173.01286005974	250114536.75	19999999.503	37749211.221
1174.01126194	250114536.75025	20000000.8890001	37791287.37
1175.00966310501	250114536.74925	19999999.021	37840809.066
1176.02366495132	250114536.751	19999999.359	37887607.489
1177.02206707001	250114536.74975	20000001.054	37920614.275
1178.02046895027	250114536.74925	20000000.433	37938417.086
1179.01887011528	250114536.7495	19999998.852	37940370.109
1180.01727199554	250114536.75	20000000.834	37927740.554
1181.01567411423	250114536.75075	20000000.235	37903581.275
1182.01407599449	250114536.74975	19999999.983	37874053.887
1183.01247692108	250114536.75	19999998.893	37833835.966
1184.01087903976	250114536.7505	20000000.417	37784815.414
1185.00928092003	250114536.75	20000000.247	37731896.123
1186.02328300476	250114536.7495	20000000.075	37679090.0150001
1187.02168393135	250114536.75025	19999999.897	37626090.362
1188.02008605003	250114536.75	19999999.542	37571049.721
1189.0184879303	250114536.75025	20000001.4540001	37516682.212
1190.01689004898	250114536.74975	19999998.679	37458917.033
1191.01529097557	250114536.75025	19999999.878	37402695.442
1192.01369309425	250114536.749	20000001.16	37346452.956
1193.01209497452	250114536.7505	19999999.789	37306265.146
1194.0104970932	250114536.75025	19999999.826	37268805.968
1195.00889801979	250114536.74975	19999998.957	37238313.6949999
1196.02290010452	250114536.75	20000000.058	37220632.849
1197.02130198479	250114536.7505	20000000.8940001	37216881.09
1198.01970410347	250114536.7495	20000000.147	37221914.977
1199.01810598373	250114536.7505	19999999.391	37243974.474
1200.01650691032	250114536.75	20000000.917	37275866.6700001
1201.01490902901	250114536.74975	19999999.399	37318062.385
1202.01331090927	250114536.7505	20000000.1099999	37364698.67
1203.01171302795	250114536.7495	20000000.911	37414608.246
1204.01011395454	250114536.7495	19999999.492	37463292.57
1205.02411603928	250114536.75	19999998.0910001	37510280.426
1206.02251791954	250114536.75025	20000000.962	37560914.276
1207.02092003822	250114536.75	20000000.989	37605619.487
1208.01932096481	250114536.7495	19999999.804	37644316.036
1209.0177230835	250114536.7505	19999999.84	37683482.639
1210.01612496376	250114536.74925	19999999.624	37723761.14
1211.01452708244	250114536.75075	19999999.961	37756929.622
1212.01292800903	250114536.751	20000000.507	37783895.764
1213.01133012772	250114536.7485	19999999.7210001	37806542.876
1214.00973200798	250114536.7505	19999999.518	37822681.674
1215.02373409271	250114536.75	20000000.584	37835956.967
1216.0221350193	250114536.75025	19999998.545	37842516.807
1217.02053713799	250114536.75	20000001.3100001	37847900.3890001
1218.01893901825	250114536.7505	20000000.089	37854332.844
1219.01734113693	250114536.74925	19999999.382	37861505.452
1220.01574206352	250114536.75025	19999999.942	37870921.5469999
1221.01414394379	250114536.74975	20000000.4859999	37886670.5090001
1222.01254606247	250114536.74975	19999999.405	37912876.579
1223.01094794273	250114536.75025	20000000.9630001	37946161.965
1224.00934910774	250114536.75025	19999999.326	37983317.6819999
1225.02335095406	250114536.7505	19999999.7410001	38026112.8530001
1226.02175307274	250114536.75	20000000.656	38069365.8299999
1227.020154953	250114536.74975	19999999.7509999	38105107.2440001
1228.01855611801	250114536.74975	20000000.2260001	38138389.48
1229.01695799828	250114536.74975	20000000.392	38163509.3379999
1230.01536011696	250114536.75	19999999.513	38175554.169
1231.01376199722	250114536.7505	19999999.462	38169816.316
1232.01216292381	250114536.74975	20000000.98	38148319.715
1233.0105650425	250114536.74975	20000000.887	38118112.02
1234.00896692276	250114536.74975	19999998.101	38087197.258
1235.02296900749	250114536.7505	19999999.984	38057609.89
1236.02137112617	250114536.7505	20000001.105	38032941.221
1237.01977205276	250114536.74925	19999999.629	38016227.065
1238.01817393303	250114536.75	20000000.211	38008852.241
1239.01657605171	250114536.751	20000000.233	38006362.818
1240.01497793198	250114536.749	20000000.108	38006134.07
1241.01337909698	250114536.7505	19999999.445	38014046.1210001
1242.01178097725	250114536.74925	19999999.873	38029324.963
1243.01018309593	250114536.7505	20000000.599	38048836.7859999
1244.02418494225	250114536.7495	19999997.747	38068123.329
1245.02258610725	250114536.75025	20000000.887	38077495.1520001
1246.02098798752	250114536.7505	20000000.307	38075353.249
1247.0193901062	250114536.7495	20000000.524	38064951.781
1248.01779198647	250114536.75025	20000000.277	38058183.34
1249.01619291306	250114536.7495	19999999.893	38057710.778
1250.01459503174	250114536.7505	19999999.347	38063397.1079999
1251.012996912	250114536.75025	20000000.139	38075068.99
1252.01139903069	250114536.74975	20000000.186	38091190.908
1253.00979995728	250114536.75025	20000000.254	38113214.6570001
1254.02380204201	250114536.75025	20000000.296	38138326.923
1255.02220392227	250114536.74925	19999999.184	38163281.546
1256.02060604095	250114536.75025	20000000.5319999	38179547.322
1257.01900696754	250114536.74975	20000000.274	38189909.716
1258.01740908623	250114536.75	19999999.665	38198462.528
1259.01581096649	250114536.75075	20000000.309	38196885.941
1260.01421308517	250114536.74975	19999999.357	38186109.022
1261.01261401176	250114536.74975	19999999.9810001	38167100.938
1262.01101613045	250114536.751	20000001.337	38141058.141
1263.00941801071	250114536.7495	19999999.5499999	38103961.479
1264.02342009544	250114536.74925	19999999.034	38064914.925
1265.02182102203	250114536.75	20000000.428	38025196.292
1266.02022314072	250114536.7505	20000000.0469999	37987173.887
1267.01862502098	250114536.74975	19999999.954	37948391.948
1268.01702713966	250114536.74925	20000004.381	37909234.862
1269.01542806625	250114536.751	20000000.7590001	37872333.265
1270.01382994652	250114536.7505	19999999.063	37839471.56
1271.0122320652	250114536.75	20000002.005	37809988.529
1272.01063394547	250114536.749	19999998.6569999	37780046.909
1273.0246360302	250114536.74975	19999999.528	37761842.246
1274.02303695679	250114536.75025	20000000.7690001	37756620.027
1275.02143907547	250114536.74925	19999999.225	37763546.358
1276.01984095573	250114536.75175	20000000.8839999	37781867.184
1277.01824307442	250114536.749	19999999.733	37807727.221
1278.01664400101	250114536.75025	20000000.386	37842291.641
1279.01504611969	250114536.75025	20000000.03	37878727.559
1280.01344799995	250114536.75	19999999.846	37916768.109
1281.01185011864	250114536.75	20000000.76	37949888.7310001
1282.01025104523	250114536.74975	19999998.7080001	37977948.458
1283.02425312996	250114536.74975	19999999.816	37998948.714
1284.02265501022	250114536.75	20000000.306	38014888.676
1285.02105712891	250114536.75025	20000000.134	38029163.257
1286.0194580555	250114536.75	20000000.198	38046994.3390001
1287.01785993576	250114536.75075	20000000.212	38065201.535
1288.01626205444	250114536.74975	19999999.114	38080038.741
1289.01466393471	250114536.7495	20000001.968	38089972.588
1290.01306509972	250114536.75	19999999.087	38097267.35
1291.01146697998	250114536.7495	19999999.485	38095367.279
1292.00986909866	250114536.751	20000001.544	38086183.154
1293.02387094498	250114536.7495	19999999.301	38075125.25
1294.02227210999	250114536.7495	19999999.562	38065543.819
1295.02067399025	250114536.75	20000000.337	38060421.242
1296.01907610893	250114536.75075	19999999.565	38057746.117
1297.0174779892	250114536.7495	20000000.824	38062641.683
1298.01587891579	250114536.75025	19999999.265	38070610.661
1299.01428103447	250114536.74975	20000000.318	38081511.878
1300.01268291473	250114536.75	19999999.584	38092911.873
1301.01108503342	250114536.7505	20000000.403	38100725.8530001
1302.02508592606	250114536.7495	20000000.591	38103839.152
1303.02348804474	250114536.75025	19999999.869	38109127.125
1304.021889925	250114536.75025	19999999.906	38113406.987
1305.02029204369	250114536.7505	20000000.3250001	38113890.468
1306.01869297028	250114536.7495	19999999.39	38109587.543
