#Menlo Systems GmbH 2009 - Comb Watch v0.9.6
#Measurement from 23.3.2021.
#Begin of the measurement: 14:57:33, 53853 sec after midnight.
#Add 803217453 to get the time since 0:00 of 10th Oct. 1995 = MJD 50000 in seconds.
#
#C0:	timestamp
#C1:	reprate.freq	The actual repetition rate of the comb (calculated from counter0)	Hz
#C2:	offset.freq	Offset beat frequency (see counter1)	Hz	20000000	10
#C3:	counter2.freq	Counter channel 2 frequency	Hz
#C4:	counter2.signal	Signal strength of counter channel 2 input	V
#
#S0:	4
#Statistics settings
#S1:	250405922.75	0.005
#S2:	20000000	10
#S3:	#
#S4:	#
#
#timestamp	#reprate.freq	#offset.freq	#counter2.freq	#counter2.signal
0	250405922.7495	20000001.519	29633164.137	0.456543
0.989604949951172	250405922.74975	19999999.857	29810215.278	0.457153
1.98800706863403	250405922.74975	20000000.777	29979392.846	0.457153
3.00200891494751	250405922.75	20000000.315	30142240.609	0.457764
4.00041103363037	250405922.75025	19999999.053	30291634.81	0.458984
4.99881196022034	250405922.75	19999999.14	30425641.667	0.458984
5.9972140789032	250405922.75075	19999999.955	30538128.454	0.458984
6.99561595916748	250405922.7495	20000000.896	30631070.468	0.459595
7.99401807785034	250405922.75	19999999.648	30702827.351	0.458984
8.99241900444031	250405922.7505	19999999.517	30753504.914	0.458984
9.99082088470459	250405922.74925	20000000.437	30780810.557	0.459595
10.9892230033875	250405922.75	20000000.3239999	30788863.953	0.459595
11.9876248836517	250405922.75025	19999998.849	30778699.461	0.458984
13.0016260147095	250405922.7505	20000000.692	30752513.207	0.458374
14.0000278949738	250405922.74925	20000000.377	30712516.436	0.459595
14.9984300136566	250405922.7505	19999999.807	30666192.894	0.458984
15.9968318939209	250405922.7505	20000000.089	30608500.352	0.458984
16.9952330589294	250405922.749	19999999.153	30542045.847	0.460205
17.9936349391937	250405922.75	20000000.878	30465743.0789999	0.457764
18.9920370578766	250405922.74975	19999999.886	30385170.86	0.457764
19.9904389381409	250405922.75025	19999999.742	30301137.7590001	0.458374
20.9888398647308	250405922.7505	20000000.88	30222164.895	0.457764
22.0028419494629	250405922.749	19999999.674	30143640.572	0.457153
23.0012440681458	250405922.751	19999999.536	30069145.851	0.457764
23.99964594841	250405922.75025	19999999.4579999	29994324.618	0.457764
24.9980480670929	250405922.7495	20000002.022	29919109.39	0.457153
25.9964489936829	250405922.75	19999998.3590001	29849395.229	0.456543
26.9948508739471	250405922.7495	20000000.9959999	29778067.288	0.457153
27.99325299263	250405922.75	19999999.1650001	29708591.921	0.457153
28.9916548728943	250405922.75025	20000000.0389999	29638505.3640001	0.457153
29.9900560379028	250405922.7495	19999999.7870001	29569073.2079999	0.456543
30.9884579181671	250405922.75125	19999999.954	29497408.023	0.455933
32.0024600028992	250405922.7505	20000000.2229999	29427900.191	0.455322
33.0008618831635	250405922.74875	20000000.595	29360226.026	0.454102
33.999263048172	250405922.75	20000000.91	29299055.58	0.454102
34.9976649284363	250405922.74975	19999999.1600001	29241557.252	0.455933
35.9960670471191	250405922.75075	20000000.554	29190311.739	0.454102
36.9944689273834	250405922.74975	19999998.226	29145779.709	0.454102
37.9928698539734	250405922.75025	20000001.8429999	29108481.523	0.454712
38.9912719726563	250405922.74925	19999998.564	29079031.408	0.454102
39.9896738529205	250405922.75075	20000000.0170001	29054730.624	0.453491
40.9880759716034	250405922.75	19999999.602	29040534.469	0.454102
42.0020768642426	250405922.7495	19999999.168	29030823.629	0.454712
43.0004789829254	250405922.7505	20000001.336	29018631.015	0.454102
43.9988808631897	250405922.75025	20000000.6110001	28998240.032	0.454712
44.9972829818726	250405922.7495	19999998.6919999	28970921.331	0.453491
45.9956839084625	250405922.75025	20000000.929	28935473.225	0.454712
46.9940860271454	250405922.74975	20000000.108	28894421.772	0.454102
47.9924879074097	250405922.74975	19999999.953	28854246.037	0.454102
48.9908900260925	250405922.75	20000000.36	28817227.377	0.453491
49.9892909526825	250405922.7505	20000000.05	28787088.542	0.454102
50.9876930713654	250405922.75	19999999.862	28753123.308	0.454712
52.0016949176788	250405922.7505	19999999.939	28715572.465	0.454712
53.0000970363617	250405922.749	20000000.59	28675104.894	0.454102
53.9984979629517	250405922.7505	19999999.622	28632262.053	0.455933
54.9968998432159	250405922.74975	19999999.689	28585970.1	0.454102
55.9953019618988	250405922.74975	19999999.22	28536760.039	0.454102
56.9937038421631	250405922.75025	20000000.498	28486114.726	0.454712
57.9921050071716	250405922.74975	19999999.909	28437713.003	0.454102
58.9905068874359	250405922.75025	20000000.707	28393204.25	0.455322
59.9889090061188	250405922.74975	19999999.181	28352745.439	0.456543
61.0029108524323	250405922.75025	20000001.34	28319338.5749999	0.455933
62.0013129711151	250405922.75	19999999.1749999	28294351.0890001	0.454712
62.9997138977051	250405922.75025	19999999.672	28281284.4699999	0.455322
63.9981160163879	250405922.74975	20000000.762	28277969.1270001	0.455322
64.9965178966522	250405922.75025	20000000.1	28281426.778	0.455933
65.9949200153351	250405922.75025	20000000	28295512.9339999	0.455322
66.993320941925	250405922.74975	19999999.173	28319673.771	0.455322
67.9917230606079	250405922.75025	20000000.653	28352762.702	0.454102
68.9901249408722	250405922.74925	19999999.517	28393854.814	0.454102
69.9885270595551	250405922.75075	19999999.464	28444179.074	0.452881
71.0025279521942	250405922.7495	20000000.24	28499052.275	0.454102
72.0009300708771	250405922.7495	19999999.495	28559106.852	0.454102
72.9993319511414	250405922.7505	20000001.586	28624291.9630001	0.454102
73.9977340698242	250405922.749	19999998.768	28695760.959	0.454102
74.9961349964142	250405922.7505	20000001.16	28768640.149	0.454712
75.9945368766785	250405922.75025	19999999.7290001	28837377.932	0.453491
76.9929389953613	250405922.7495	19999999.2149999	28900915.548	0.454102
77.9913408756256	250405922.75075	19999999.393	28959380.331	0.454102
78.9897420406342	250405922.75	20000000.9660001	29007151.888	0.454712
79.9881439208984	250405922.7505	19999999.1819999	29047990.895	0.455322
81.0021460056305	250405922.7495	20000000.687	29074156.3	0.454102
82.0005478858948	250405922.7495	19999999.4679999	29093870.162	0.455322
82.9989490509033	250405922.75075	20000000.6830001	29113060.416	0.454712
83.9973509311676	250405922.74975	19999999.7659999	29125693.571	0.454712
84.9957530498505	250405922.75	19999999.449	29133234.299	0.455322
85.9941549301147	250405922.75075	20000000.8020001	29130130.574	0.455322
86.9925558567047	250405922.749	19999998.67	29125359.7180001	0.454712
87.9909579753876	250405922.751	20000000.2950001	29125094.588	0.455322
88.9893598556519	250405922.74925	20000000.489	29129629.116	0.454712
90.0033619403839	250405922.7505	19999999.5750001	29129888.927	0.455933
91.0017628669739	250405922.75025	19999999.818	29129975.144	0.454712
92.0001649856567	250405922.74925	20000001.097	29126657.549	0.454712
92.998566865921	250405922.7495	20000000.261	29119241.322	0.454712
93.9969689846039	250405922.75075	20000000.189	29103100.0919999	0.454102
94.9953699111938	250405922.7505	20000000.76	29072551.133	0.454102
95.9937720298767	250405922.74875	19999998.9829999	29036172.452	0.454102
96.992173910141	250405922.7505	19999998.6140001	28994084.469	0.454712
97.9905760288239	250405922.74975	20000002.13	28953842.582	0.454102
98.9889769554138	250405922.75	19999998.7819999	28916136.574	0.454712
100.002979040146	250405922.7505	20000001.307	28882911.636	0.454712
101.00138092041	250405922.74975	19999999.275	28853537.138	0.454712
101.999783039093	250405922.7495	20000000.176	28827462.5059999	0.454102
102.998184919357	250405922.7505	19999998.591	28804135.0830001	0.454102
103.996585845947	250405922.7505	20000001.108	28787228.4249999	0.453491
104.99498796463	250405922.74975	19999999.011	28780735.709	0.454102
105.993389844894	250405922.75025	20000000.484	28785579.524	0.455322
106.991791963577	250405922.74925	20000000.574	28801360.525	0.454102
107.990192890167	250405922.75	20000000.346	28823312.781	0.455322
108.98859500885	250405922.7505	19999999.138	28838693.732	0.454102
110.002596855164	250405922.7495	20000000.142	28837407.8329999	0.454712
111.000998973846	250405922.7505	19999999.491	28808590.1160001	0.454712
111.999399900436	250405922.7495	20000000.179	28753387.315	0.452881
112.997802019119	250405922.7505	19999999.65	28668781.406	0.454102
113.996203899384	250405922.75	19999999.476	28564656.926	0.454712
114.994606018066	250405922.7495	20000000.481	28448016.671	0.454712
115.993006944656	250405922.75	20000000.105	28324598.316	0.455933
116.991409063339	250405922.7505	20000000.824	28202568.426	0.456543
117.989810943604	250405922.75025	19999999.094	28092329.779	0.458374
119.003813028336	250405922.74975	20000000.588	27995238.349	0.462036
120.002213954926	250405922.75	19999999.992	27910797.867	0.462647
121.000616073608	250405922.74975	20000000.324	27839060.387	0.463867
121.999017953873	250405922.7505	19999999.181	27773512.033	0.466309
122.997420072556	250405922.75075	20000000.605	27715277.757	0.465698
123.995820999146	250405922.7485	19999999.348	27661923.785	0.472412
124.99422287941	250405922.75025	20000000.56	27602610.492	0.472412
125.992624998093	250405922.75025	20000000.604	27530656.239	0.476074
126.991026878357	250405922.74925	19999999.606	27449711.261	0.480957
127.989428043365	250405922.75075	19999999.668	27358125.483	0.484619
129.003429889679	250405922.75	20000000.373	27252604.486	0.492554
130.001832008362	250405922.75025	19999999.4730001	27132395.451	0.499878
131.000233888626	250405922.75025	20000000.64	27012234.056	0.510254
131.998635053635	250405922.74925	19999998.8149999	26885066.2029999	0.519409
132.997036933899	250405922.75	20000000.592	26753330.656	0.529785
133.995439052582	250405922.75	19999999.534	26624528.234	0.53833
134.993840932846	250405922.74975	20000001.204	26496675.656	0.547485
135.992241859436	250405922.75025	20000000.2310001	26367628.544	0.55603
136.990643978119	250405922.74975	19999999.609	26238710.062	0.562744
137.989045858383	250405922.75	20000000.265	26111953.5569999	0.568237
139.003047943115	250405922.75	19999999.914	25992023.149	0.575562
140.001450061798	250405922.74975	19999998.821	25881696.776	0.581055
140.999850988388	250405922.7505	20000000.581	25781645.747	0.584717
141.998252868652	250405922.75025	19999999.989	25695299.79	0.587158
142.996654987335	250405922.7505	20000000.353	25626714.0300001	0.59021
143.995056867599	250405922.749	19999999.8149999	25577171.6429999	0.59082
144.993458032608	250405922.7495	19999999.7620001	25555375.6260001	0.59082
145.991859912872	250405922.7505	20000000.4269999	25564537.252	0.5896
146.990262031555	250405922.75025	19999999.064	25592228.485	0.587769
148.004263877869	250405922.75025	20000001.242	25636094.8940001	0.586548
149.002665042877	250405922.7505	19999999.0350001	25695496.847	0.586548
150.001066923141	250405922.75025	20000000.148	25766631.7789999	0.582886
150.999469041824	250405922.7495	20000000.092	25851353.1770001	0.579834
151.997870922089	250405922.74975	20000001.2429999	25946656.01	0.57312
152.996271848679	250405922.74975	19999998.6210001	26046664.523	0.567627
153.994673967361	250405922.7505	19999999.79	26147844.144	0.562744
154.993075847626	250405922.74925	19999999.986	26243461.958	0.556641
155.991477966309	250405922.751	20000001.165	26337454.954	0.549316
156.989878892899	250405922.74975	19999999.6	26425405.901	0.544434
158.003880977631	250405922.74925	20000000.359	26506168.294	0.537109
159.002282857895	250405922.7515	19999997.899	26574442.81	0.532837
160.000684976578	250405922.7485	20000001.414	26628391.998	0.531006
160.999085903168	250405922.74925	20000000.527	26662889.942	0.529175
161.997488021851	250405922.75125	20000000.275	26678508.894	0.527954
162.995889902115	250405922.7495	20000000.665	26678406.039	0.529175
163.994292020798	250405922.75	19999997.968	26673241.898	0.529785
164.992692947388	250405922.7505	20000001.252	26662387.16	0.529785
165.991095066071	250405922.74975	20000000.521	26650018.439	0.531006
166.989496946335	250405922.7485	19999999.689	26644157.025	0.531616
168.003499031067	250405922.7515	19999999.206	26645002.638	0.531616
169.001899957657	250405922.74925	20000000.198	26656917.043	0.530396
170.00030207634	250405922.75075	20000000.067	26677871.413	0.527344
170.998703956604	250405922.7505	19999999.906	26698827.297	0.525513
171.997106075287	250405922.74975	20000000.744	26723718.6720001	0.522461
172.995507001877	250405922.75	20000000.115	26745451.495	0.524292
173.993908882141	250405922.75	19999999.136	26768100.7909999	0.521851
174.992311000824	250405922.74975	19999998.588	26793315.2670001	0.518799
175.990712881088	250405922.75025	20000001.366	26816853.959	0.516357
177.00471496582	250405922.74975	20000000.516	26845348.4579999	0.515747
178.00311589241	250405922.74875	19999997.683	26876279.23	0.512695
179.001518011093	250405922.75175	20000001.596	26909396.684	0.509644
179.999919891357	250405922.74975	19999999.223	26945580.502	0.508423
180.99832201004	250405922.74925	20000000.367	26980560.4730001	0.50354
181.99672293663	250405922.74975	20000000.0470001	27015754.1999999	0.502319
182.995125055313	250405922.751	20000002.1259999	27048686.5520001	0.500488
183.993526935577	250405922.74975	19999998.7980001	27077254.984	0.497437
184.99192905426	250405922.75025	20000000.244	27102530.4960001	0.496826
185.99032998085	250405922.74975	19999999.42	27125404.428	0.494995
187.004332065582	250405922.75025	20000000.421	27144356.0090001	0.494995
188.002733945847	250405922.7495	19999999.798	27158405.028	0.494995
189.001136064529	250405922.75	20000000.0190001	27172635.888	0.492554
189.999536991119	250405922.7505	19999998.38	27193676.9269999	0.491943
190.997938871384	250405922.74975	20000000.842	27221739.2970001	0.490112
191.996340990067	250405922.749	20000001.0499999	27253266.53	0.48645
192.994742870331	250405922.75075	20000000.161	27285178.164	0.487671
193.993144035339	250405922.75025	19999998.887	27319630.85	0.483399
194.991545915604	250405922.75075	20000000.2870001	27347150.879	0.482178
195.989948034286	250405922.74975	20000000.293	27366847.243	0.482788
197.0039498806	250405922.7495	20000000.725	27374077.689	0.481567
198.002351045609	250405922.7505	19999999.217	27372008.482	0.482178
199.000752925873	250405922.74925	19999999.091	27361847.106	0.482788
199.999155044556	250405922.7505	20000001.23	27347325.161	0.483399
200.99755692482	250405922.74975	20000000.214	27329823.206	0.484619
201.99595785141	250405922.74925	19999999.3100001	27311953.12	0.48523
202.994359970093	250405922.75075	19999999.8319999	27293591.776	0.48584
203.992761850357	250405922.75	19999999.8340001	27277624.038	0.487061
204.99116396904	250405922.74975	20000000.5539999	27263375.683	0.488892
206.005164861679	250405922.75025	19999998.7690001	27251940.78	0.487671
207.003566980362	250405922.75025	20000001.204	27235988.26	0.490723
208.001968860626	250405922.7495	19999999.653	27215004.617	0.490723
209.000370979309	250405922.7495	19999999.742	27184832.527	0.493164
209.998771905899	250405922.7515	20000000.034	27143692.16	0.496216
210.997174024582	250405922.749	19999999.894	27089684.765	0.502319
211.995575904846	250405922.75125	20000000.527	27020965.362	0.505982
212.993978023529	250405922.74925	19999999.729	26940524.638	0.512695
213.992378950119	250405922.7495	20000001.057	26848482.92	0.52002
214.990781068802	250405922.75025	19999999.187	26745854.87	0.527344
216.004782915115	250405922.7495	20000000.305	26629565.488	0.536499
217.003185033798	250405922.75075	19999999.034	26505410.994	0.546875
218.001586914063	250405922.75	20000000.882	26373148.466	0.557251
218.999987840652	250405922.75025	19999999.484	26242168.6620001	0.566406
219.998389959335	250405922.74975	20000000.652	26107798.786	0.571899
220.996792078018	250405922.74975	20000000.034	25969516.1539999	0.579834
221.995193958282	250405922.74925	19999999.556	25834429.72	0.584717
222.993594884872	250405922.75075	20000000.827	25707979.767	0.588379
223.991997003555	250405922.75025	19999999.622	25572633.5300001	0.592651
224.99039888382	250405922.74975	20000000.02	25434432.3319999	0.595703
226.004400968552	250405922.7505	19999998.707	25298116.082	0.599976
227.002801895142	250405922.75	20000001.343	25159789.695	0.599976
228.001204013824	250405922.75	19999998.649	25025896.7999999	0.602417
228.999605894089	250405922.7505	20000000.9	24900276.3560001	0.600586
229.998008012772	250405922.74875	19999999.754	24776542.9	0.604248
230.996408939362	250405922.75025	20000000.093	24655985.342	0.601807
231.994811058044	250405922.75025	20000000.682	24539512.609	0.604858
232.993212938309	250405922.74975	20000000.32	24439255.418	0.604248
233.991615056992	250405922.75	19999998.84	24354299.155	0.601807
234.990015983582	250405922.75	19999999.772	24280480.328	0.603027
236.004018068314	250405922.75025	19999999.709	24217066.68	0.604858
237.002419948578	250405922.75	20000000.439	24165022.027	0.603638
238.000822067261	250405922.75025	20000000.98	24126236.444	0.601807
238.999222993851	250405922.75	20000000.836	24098599.239	0.604248
239.997624874115	250405922.749	19999998.119	24090172.746	0.601196
240.996026992798	250405922.751	20000000.579	24099350.516	0.605469
241.994428873062	250405922.74975	19999999.3970001	24124303.615	0.605469
242.992830038071	250405922.7495	19999999.724	24158431.36	0.605469
243.991231918335	250405922.7495	20000000.851	24198041.771	0.603638
245.005234003067	250405922.751	19999999.485	24240662.805	0.606079
246.003635883331	250405922.75	20000000.4020001	24281867.882	0.603638
247.00203704834	250405922.74975	19999998.852	24318809.481	0.603638
248.000438928604	250405922.7505	20000001.3419999	24346938.312	0.603638
248.998841047287	250405922.749	20000000.5330001	24361901.934	0.603027
249.997242927551	250405922.75075	19999998.8829999	24364017.498	0.604248
250.995643854141	250405922.74975	20000000.6470001	24353377.515	0.6073
251.994045972824	250405922.74975	19999999.49	24333236.456	0.603638
252.992447853088	250405922.75	19999998.747	24303882.745	0.604858
253.990849971771	250405922.75025	20000001.8889999	24285637.3839999	0.604858
255.004852056503	250405922.75075	19999999.431	24327876.248	0.600586
256.003252983093	250405922.7495	20000000.159	24458551.375	0.601807
257.001654863358	250405922.74975	19999999.391	24686892.183	0.603638
258.00005698204	250405922.75025	20000000.266	25007425.39	0.598145
258.998458862305	250405922.74925	19999999.6539999	25403295.6800001	0.588379
259.996860027313	250405922.7505	19999999.921	25861304.949	0.567627
260.995261907578	250405922.74925	20000000.972	26356965.434	0.527954
261.99366402626	250405922.75125	20000000.062	26876952.762	0.493164
262.992065906525	250405922.74875	20000000.049	27406315.206	0.466919
263.990467071533	250405922.751	20000000.021	27930570.748	0.458374
265.004468917847	250405922.74925	19999998.301	28434711.122	0.455322
266.00287103653	250405922.74975	20000002.121	28907429.25	0.455322
267.001272916794	250405922.751	19999998.026	29348553.32	0.456543
267.999673843384	250405922.74975	20000002.581	29748610.493	0.458984
268.998075962067	250405922.75025	20000000.301	30097781.635	0.458984
269.996477842331	250405922.75025	19999998.749	30397649.568	0.459595
270.994879961014	250405922.74975	19999999.723	30645111.813	0.459595
271.993280887604	250405922.749	20000001.49	30848808.031	0.460815
272.991683006287	250405922.7505	19999998.95	31021777.594	0.461426
274.0056848526	250405922.75075	19999998.687	31169074.853	0.462036
275.004086971283	250405922.749	20000000.246	31297580.475	0.460205
276.002487897873	250405922.75025	20000000.7999999	31405410.275	0.460205
277.000890016556	250405922.75	19999999.045	31498555.05	0.462036
277.99929189682	250405922.75	19999999.839	31577832.036	0.461426
278.997694015503	250405922.7505	20000000.806	31645383.29	0.461426
279.996094942093	250405922.75	19999999.551	31705894.755	0.460205
280.994497060776	250405922.75	20000000.5890001	31757649.609	0.460815
281.99289894104	250405922.7495	19999999.825	31803858.974	0.458984
282.991301059723	250405922.75	19999999.643	31844018.619	0.462036
284.005301952362	250405922.7505	20000001.316	31874277.598	0.462036
285.003704071045	250405922.7495	19999998.708	31891222.819	0.461426
286.002105951309	250405922.75075	20000000.204	31899155.848	0.461426
287.000508069992	250405922.75	19999999.885	31898721.824	0.460815
287.998908996582	250405922.74975	20000000.666	31891462.334	0.461426
288.997310876846	250405922.75	19999999.597	31880711.715	0.460205
289.995712995529	250405922.74925	19999999.079	31870556.271	0.460815
290.994114875793	250405922.75025	20000000.948	31864987.3480001	0.458984
291.992516040802	250405922.75025	20000000.2800001	31864388.527	0.460205
292.990917921066	250405922.74925	19999999.8839999	31867269.186	0.461426
294.004920005798	250405922.75075	20000000.283	31871984.273	0.461426
295.003321886063	250405922.74925	19999999.77	31881657.355	0.461426
296.001724004745	250405922.7505	19999999.112	31900490.68	0.460205
297.000124931335	250405922.7505	20000000.2620001	31932471.873	0.460205
297.998527050018	250405922.75025	20000001.9629999	31978673.796	0.461426
298.996928930283	250405922.7495	19999997.041	32033492.355	0.460815
299.995331048965	250405922.75	20000001.029	32088770.874	0.460815
300.993731975555	250405922.74975	19999999.857	32137470.983	0.460815
301.99213385582	250405922.749	20000002.234	32181134.226	0.461426
303.006135940552	250405922.75175	19999997.637	32217973.026	0.461426
304.004538059235	250405922.74875	20000000.1120001	32243779.727	0.458984
305.002938985825	250405922.751	20000000.2959999	32266275.099	0.461426
306.001340866089	250405922.75	19999999.72	32282082.47	0.460205
306.999742984772	250405922.7495	20000000.487	32293348.7540001	0.461426
307.998144865036	250405922.75	20000000.2720001	32290240.177	0.461426
308.996546030045	250405922.7495	19999999.665	32275593.151	0.462647
309.994947910309	250405922.75075	20000000.559	32254823.216	0.460815
310.993350028992	250405922.75	19999999.372	32234607.567	0.462036
311.991751909256	250405922.74975	20000000.928	32212620.373	0.460205
313.005753040314	250405922.7505	19999998.714	32187259.855	0.460205
314.004154920578	250405922.74975	19999999.8080001	32161483.769	0.460815
315.002557039261	250405922.75	20000000.507	32141474.532	0.462036
316.000958919525	250405922.75	20000000.875	32114795.114	0.460815
316.999359846115	250405922.74975	19999999.909	32086147.644	0.461426
317.997761964798	250405922.7505	19999999.744	32051706.401	0.461426
318.996163845062	250405922.75	19999998.871	32015183.848	0.461426
319.994565963745	250405922.7495	20000000.078	31988005.281	0.460815
320.992966890335	250405922.7505	20000000.435	31970528.35	0.460815
321.991369009018	250405922.74975	20000000.206	31954748.969	0.460815
323.005370855331	250405922.75	20000000.091	31947934.817	0.461426
324.003772974014	250405922.75	20000000.063	31930900.3169999	0.461426
325.002173900604	250405922.7495	19999999.913	31903208.0420001	0.460815
326.000576019287	250405922.75075	20000000.885	31862801.488	0.460815
326.998977899551	250405922.75	20000000.225	31810542.8839999	0.462036
327.997380018234	250405922.74975	19999997.717	31751491.0089999	0.461426
328.995780944824	250405922.74975	20000001.282	31686183.7260001	0.462036
329.994183063507	250405922.7505	19999999.358	31609344.447	0.460205
330.992584943771	250405922.74925	20000001.449	31517892.624	0.459595
332.006587028503	250405922.75075	19999999.519	31413772.614	0.460205
333.004988908768	250405922.74975	19999999.868	31308338.487	0.459595
334.003390073776	250405922.74975	20000000.439	31203653.9480001	0.460205
335.001791954041	250405922.75025	19999999.453	31101912.72	0.460205
336.000194072723	250405922.7505	20000000.267	31003748.3829999	0.459595
336.998595952988	250405922.7495	19999998.971	30912961.102	0.460205
337.996996879578	250405922.74975	20000000.867	30828367.9050001	0.458374
338.995398998261	250405922.751	20000000.769	30763521.503	0.459595
339.993800878525	250405922.74975	19999999.934	30721453.6689999	0.460815
340.992202997208	250405922.74975	19999999.097	30698512.47	0.458984
342.006203889847	250405922.75	20000001.1210001	30688315.076	0.458984
343.00460600853	250405922.75025	19999997.985	30685159.296	0.460815
344.003007888794	250405922.74925	20000000.5849999	30686252.519	0.459595
345.001410007477	250405922.751	19999999.7520001	30688110.02	0.460205
345.999810934067	250405922.74925	20000001.2019999	30691867.308	0.460205
346.99821305275	250405922.75	19999999.5170001	30700905.161	0.457764
347.996614933014	250405922.74975	20000000.142	30715251.194	0.458984
348.995017051697	250405922.7505	19999999.339	30727637.955	0.460205
349.993417978287	250405922.75	20000000.475	30733873.394	0.457764
350.991819858551	250405922.74925	19999999.4960001	30727633.016	0.458984
352.005821943283	250405922.7505	20000000.4209999	30708090.244	0.459595
353.004224061966	250405922.74975	20000000.3870001	30675070.764	0.459595
354.002624988556	250405922.75	19999999.9729999	30630132.931	0.458984
355.00102686882	250405922.75075	19999999.58	30564452.255	0.459595
355.999428987503	250405922.7495	19999999.166	30480112.327	0.458374
356.997830867767	250405922.751	20000001.289	30376074.875	0.458374
357.996232032776	250405922.748	20000000.887	30260475.145	0.458374
358.99463391304	250405922.751	19999999.156	30141792.699	0.458374
359.993036031723	250405922.75025	19999998.959	30019812.558	0.457764
361.007037878037	250405922.74975	20000000.846	29898307.661	0.456543
362.005439043045	250405922.75025	19999999.0730001	29780325.454	0.457153
363.003840923309	250405922.75	19999999.624	29672509.073	0.455933
364.002243041992	250405922.74975	20000000.536	29572041.123	0.456543
365.000644922256	250405922.75	20000000.35	29486265.2640001	0.454712
365.999045848846	250405922.7495	19999999.4269999	29414702.163	0.455933
366.997447967529	250405922.75075	20000000.687	29350819.704	0.455322
367.995849847794	250405922.7495	19999999.296	29292896.994	0.455933
368.994251966476	250405922.75025	20000000.2079999	29246543.0010001	0.455322
369.992652893066	250405922.7505	19999999.975	29212209.265	0.454712
371.006654977798	250405922.74925	20000000.868	29193445.057	0.456543
372.005056858063	250405922.7495	19999999.341	29187653.5599999	0.455322
373.003458976746	250405922.7505	20000001.066	29188912.12	0.454712
374.00186085701	250405922.75025	19999998.678	29189848.4070001	0.454712
375.000262022018	250405922.7505	19999999.458	29187989.502	0.454712
375.998663902283	250405922.74925	20000001.013	29175885.799	0.455322
376.997066020966	250405922.74975	20000000.683	29153620.913	0.455322
377.99546790123	250405922.75025	19999999.09	29124721.676	0.454712
378.993869066238	250405922.75025	20000000.173	29093889.365	0.457153
379.992270946503	250405922.75025	19999998.749	29051837.191	0.454102
381.006273031235	250405922.74925	20000000.659	29002595.199	0.454712
382.004674911499	250405922.7505	20000001.14	28948205.531	0.455322
383.003076076508	250405922.74975	19999999.883	28890494.128	0.454102
384.001477956772	250405922.7505	19999999.297	28832249.084	0.454102
384.999880075455	250405922.75	20000000.697	28776116.5	0.454102
385.998281955719	250405922.7495	20000000.2	28725664.009	0.455322
386.996682882309	250405922.7505	20000000.449	28684358.567	0.454102
387.995085000992	250405922.7495	19999999.13	28650003.75	0.454102
388.993486881256	250405922.75075	20000000.071	28617603.517	0.454102
390.007488965988	250405922.75025	19999999.443	28587220.379	0.454712
391.005889892578	250405922.7485	20000000.082	28563446.288	0.452881
392.004292011261	250405922.75075	19999999.288	28545988.816	0.455322
393.002693891525	250405922.749	20000000.455	28539741.909	0.455322
394.001096010208	250405922.751	20000000.417	28545424.681	0.454712
394.999496936798	250405922.749	20000000.473	28561233.655	0.454102
395.997899055481	250405922.75075	20000000.725	28583086.3169999	0.455322
396.996300935745	250405922.74925	19999999.3460001	28604562.446	0.454712
397.994703054428	250405922.75175	19999999.6389999	28625736.7210001	0.454712
398.993103981018	250405922.7495	20000000.07	28652231.618	0.454712
400.00710606575	250405922.7495	19999999.9119999	28688249.364	0.454102
401.005507946014	250405922.7505	19999999.535	28732536.73	0.455322
402.003910064697	250405922.75	20000001.024	28777462.99	0.454102
403.002310991287	250405922.74975	19999998.604	28825495.0209999	0.455322
404.000712871552	250405922.75	20000001.4710001	28872584.1750001	0.454712
404.999114990234	250405922.75075	19999998.5649999	28920756.68	0.454102
405.997516870499	250405922.74925	20000000.836	28972413.663	0.454712
406.995918035507	250405922.75025	20000000.1070001	29026653.7440001	0.454712
407.994319915771	250405922.74975	19999999.903	29080575.957	0.454102
408.992722034454	250405922.7495	19999999.4109999	29134839.502	0.455322
410.006723880768	250405922.7505	20000000.919	29191102.918	0.456543
411.005125999451	250405922.7505	19999999.039	29239048.039	0.455933
412.003526926041	250405922.75	20000000.964	29279988.2839999	0.455933
413.001929044724	250405922.74925	20000000.7970001	29308406.9580001	0.455322
414.000330924988	250405922.75075	19999998.481	29329552.93	0.457153
414.998733043671	250405922.74875	20000000.793	29342206.827	0.455933
415.997133970261	250405922.75025	19999999.8100001	29349299.453	0.456543
416.995535850525	250405922.751	19999999.668	29347368.617	0.455933
417.993937969208	250405922.74925	20000000.544	29343145.145	0.455933
419.00794005394	250405922.75025	19999998.9239999	29330259.724	0.455933
420.00634098053	250405922.74975	19999999.2130001	29313429.664	0.455933
421.004742860794	250405922.7505	20000001.485	29292382.77	0.456543
422.003144979477	250405922.74975	20000000.099	29260493.123	0.454712
423.001546859741	250405922.75	19999999.7869999	29230942.075	0.455322
423.99994802475	250405922.75	20000000.231	29205414.21	0.455933
424.998349905014	250405922.75	19999998.91	29180687.118	0.455933
425.996752023697	250405922.7505	20000000.699	29157627.979	0.454712
426.995153903961	250405922.74925	19999999.83	29137136.391	0.455933
427.99355506897	250405922.75	20000000.068	29121488.23	0.454712
429.007556915283	250405922.7495	19999999.851	29114010.41	0.455322
430.005959033966	250405922.75075	20000000.42	29111235.332	0.455933
431.00436091423	250405922.74975	19999999.557	29111217.805	0.455322
432.00276184082	250405922.7495	20000000.106	29109833.727	0.454712
433.001163959503	250405922.75125	19999998.128	29106872.6260001	0.455322
433.999566078186	250405922.74975	20000001.91	29092730.9289999	0.454712
434.99796795845	250405922.7495	19999999.953	29065870.064	0.455933
435.99636888504	250405922.75075	19999998.83	29026324.8100001	0.454712
436.994771003723	250405922.75	20000001.66	28981294.608	0.454102
437.993172883987	250405922.74925	19999999.235	28932434.2839999	0.454712
439.007174968719	250405922.75025	20000001.031	28875761.178	0.454102
440.005575895309	250405922.75	19999998.212	28817745.5020001	0.453491
441.003978013992	250405922.74925	20000000.49	28756975.9419999	0.453491
442.002379894257	250405922.751	20000001.016	28700714.562	0.454712
443.000782012939	250405922.75	19999999.472	28648789.2230001	0.454102
443.999182939529	250405922.75	19999999.453	28598557.856	0.454712
444.997585058212	250405922.7505	20000000.523	28548638.3760001	0.455322
445.995986938477	250405922.74875	20000001.041	28492432.921	0.452881
446.994389057159	250405922.75025	19999998.752	28427652.298	0.455322
448.008390903473	250405922.75025	19999999.628	28351913.4859999	0.456543
449.006792068481	250405922.75025	20000000.778	28261000.5930001	0.456543
450.005193948746	250405922.75	20000000.88	28154935.5	0.457764
451.003596067429	250405922.75025	19999998.793	28032234.805	0.460205
452.001997947693	250405922.7495	20000000.378	27895595.925	0.463867
453.000398874283	250405922.74925	19999999.358	27745796.755	0.467529
453.998800992966	250405922.7505	20000000.7589999	27597569.89	0.474243
454.99720287323	250405922.75	19999999.506	27458033.857	0.481567
455.995604991913	250405922.751	20000000.1260001	27334507.49	0.487061
456.994005918503	250405922.74825	20000000.923	27224146.076	0.493164
458.008008003235	250405922.75125	19999999.053	27127054.563	0.498657
459.006409883499	250405922.74925	20000000.6719999	27047798.787	0.50415
460.004812002182	250405922.75075	19999999.738	26981736.494	0.509033
461.003212928772	250405922.7505	19999999.1980001	26926409.234	0.510254
462.001615047455	250405922.7495	20000001.6049999	26879972.514	0.515747
463.000016927719	250405922.75	19999998.6930001	26838416.514	0.518189
463.998419046402	250405922.74975	20000001.104	26799824.435	0.521851
464.996819972992	250405922.75	19999998.773	26766767.158	0.522461
465.995221853256	250405922.75075	19999999.628	26738159.202	0.526123
466.993623971939	250405922.7495	20000001.2589999	26715614.777	0.524902
468.007626056671	250405922.7495	19999999.449	26693715.227	0.527344
469.006026983261	250405922.75	20000000.7920001	26671406.093	0.528565
470.004428863525	250405922.75	19999998.383	26645952.952	0.532227
471.002830982208	250405922.74975	20000000.693	26618643.3679999	0.535278
472.001232862473	250405922.7505	20000000.72	26587088.4920001	0.53772
472.999634027481	250405922.75025	19999999.263	26544867.5109999	0.53833
473.998035907745	250405922.7505	20000000.967	26495052.097	0.543213
474.996438026428	250405922.74975	19999998.007	26437932.863	0.548096
475.994839906693	250405922.75	20000001.851	26379166.3789999	0.554199
477.00884103775	250405922.7505	19999999.172	26321596.4840001	0.55603
478.007242918015	250405922.749	20000000.987	26271389.7029999	0.559082
479.005645036697	250405922.75	19999998.635	26226176.8940001	0.562744
480.004046916962	250405922.7495	20000000.394	26185393.0109999	0.565186
481.002447843552	250405922.7505	20000001.758	26147783.829	0.566406
482.000849962235	250405922.75075	19999998.881	26107712.8360001	0.568237
482.999251842499	250405922.7495	19999999.14	26070104.0669999	0.569458
483.997653961182	250405922.75025	20000000.418	26032131.1390001	0.57312
484.996054887772	250405922.749	19999999.849	25996629.131	0.575562
485.994457006454	250405922.75125	20000001.508	25967894.7079999	0.574951
487.008458852768	250405922.74925	19999999.06	25947368.238	0.574951
488.006860971451	250405922.7495	19999999.833	25937033.0799999	0.576172
489.005262851715	250405922.75025	19999999.928	25938326.441	0.575562
490.003664016724	250405922.75025	19999999.909	25954301.493	0.576172
491.002065896988	250405922.75125	20000000.268	25977939.011	0.574341
492.000468015671	250405922.7495	19999999.987	26017325.075	0.57251
492.998869895935	250405922.75	20000000.52	26067395.507	0.569458
493.997271060944	250405922.749	19999999.547	26130516.236	0.565796
494.995672941208	250405922.74925	20000000.571	26203400.331	0.559082
495.994075059891	250405922.75175	19999999.421	26281996.306	0.55603
497.008076906204	250405922.749	19999998.922	26361772.167	0.549316
498.006478071213	250405922.7505	20000000.099	26440181.914	0.543213
499.004879951477	250405922.74975	20000001.22	26516254.701	0.537109
500.00328207016	250405922.7495	20000000.532	26588386.128	0.532837
501.001683950424	250405922.75075	19999998.955	26656156.178	0.526733
502.000084877014	250405922.74925	19999999.663	26718230.946	0.522461
502.998486995697	250405922.75075	19999999.7539999	26771554.937	0.52002
503.996888875961	250405922.75025	20000000.883	26815911.309	0.515747
504.995290994644	250405922.74875	19999999.6470001	26849815.267	0.515747
505.993691921234	250405922.751	19999999.8789999	26871486.114	0.516357
507.007694005966	250405922.74975	19999999.7999999	26882739.329	0.512695
508.00609588623	250405922.75	20000001.5010001	26892226.47	0.511475
509.004498004913	250405922.75025	19999998.591	26901669.265	0.510254
510.002898931503	250405922.74975	19999999.482	26913485.015	0.510864
511.001301050186	250405922.7495	20000001.2820001	26931291.322	0.509644
511.99970293045	250405922.75	19999999.902	26954109.141	0.507202
512.998105049133	250405922.751	20000000.291	26984549.858	0.505982
513.996505975723	250405922.74925	19999999.3560001	27017892.7559999	0.50293
514.994907855988	250405922.75025	20000000.0209999	27048841.791	0.501709
516.00890994072	250405922.74975	19999999.567	27083594.2460001	0.498047
517.007312059402	250405922.75	20000000.1160001	27119426.3659999	0.495606
518.005712985992	250405922.75	20000000.199	27157157.8260001	0.493164
519.004114866257	250405922.75	19999998.581	27201459.7099999	0.490723
520.00251698494	250405922.74975	20000001.674	27246605.6110001	0.488892
521.000918865204	250405922.75075	20000000.839	27292007.892	0.484619
521.999320030212	250405922.75	20000000.039	27337700.354	0.481567
522.997721910477	250405922.75025	19999998.2399999	27380349.265	0.479736
523.99612402916	250405922.749	19999999.8380001	27417213.0140001	0.478516
524.994525909424	250405922.75175	20000000.117	27444140.704	0.478516
526.008527994156	250405922.749	20000001.058	27460600.455	0.477295
527.006928920746	250405922.7495	19999999.687	27464256.3449999	0.477295
528.005331039429	250405922.74925	19999999.441	27451004.924	0.477905
529.003732919693	250405922.751	19999999.737	27416885.774	0.481567
530.002135038376	250405922.74975	19999999.9400001	27364579.6819999	0.482788
531.000535964966	250405922.75025	20000000.313	27288238.2470001	0.489502
531.99893784523	250405922.7495	20000001.098	27189668.25	0.498047
532.997339963913	250405922.7505	20000000.688	27075923.504	0.504761
533.995741844177	250405922.74925	19999999.089	26949293.986	0.513306
534.994143009186	250405922.7505	20000000.292	26820571.037	0.522461
536.008144855499	250405922.74975	19999998.49	26699735.713	0.532227
537.006546974182	250405922.75025	20000001.155	26589223.179	0.540772
538.004948854446	250405922.7505	19999999.114	26497501.024	0.545654
539.003350019455	250405922.75	20000000.114	26438592.651	0.549316
540.001751899719	250405922.74925	20000000.217	26427681.258	0.544434
541.000154018402	250405922.74975	20000000.534	26482606.478	0.53772
541.998555898666	250405922.7515	20000000.359	26604769.054	0.528565
542.996957063675	250405922.7495	20000001.18	26783159.08	0.512085
543.995358943939	250405922.74975	19999998.535	27009902.212	0.495606
545.009361028671	250405922.75025	20000001.113	27267497.76	0.477905
546.007762908936	250405922.74975	19999997.771	27539198.33	0.46814
547.006164073944	250405922.75075	19999999.772	27801446.749	0.460205
548.004565954208	250405922.7495	20000000.123	28048756.84	0.455322
549.002968072891	250405922.7505	20000000.453	28273681.839	0.455322
550.001369953156	250405922.74875	19999999.901	28476495.593	0.454712
550.999770879745	250405922.75025	20000000.811	28657736.368	0.454102
551.998172998428	250405922.7505	19999999.175	28815216.015	0.455322
552.996574878693	250405922.7495	20000000.283	28951953.247	0.455322
553.994976997375	250405922.7495	20000000.975	29067384.16	0.454712
555.008977890015	250405922.75125	19999999.318	29164052.3480001	0.454712
556.007380008698	250405922.74975	20000000.329	29240979.8149999	0.456543
557.005781888962	250405922.7495	20000001.236	29300040.712	0.455933
558.004184007645	250405922.74975	19999999.3280001	29339142.852	0.455322
559.002584934235	250405922.751	20000000.331	29357264.475	0.456543
560.000987052917	250405922.75	19999999.2379999	29361359.878	0.454102
560.999388933182	250405922.75	20000000.7510001	29356122.807	0.455322
561.997791051865	250405922.74975	20000000.183	29344283.094	0.455933
562.996191978455	250405922.75	19999999.1110001	29331337.921	0.455322
563.994593858719	250405922.7505	20000000.74	29320016.4369999	0.456543
565.008595943451	250405922.749	20000000.5979999	29314190.4610001	0.455933
566.006998062134	250405922.7515	19999999.036	29314306.393	0.456543
567.005399942398	250405922.74875	20000000.4580001	29315908.142	0.456543
568.003800868988	250405922.7495	19999999.4319999	29323797.771	0.455933
569.002202987671	250405922.7505	19999999.774	29325964.3629999	0.456543
570.000604867935	250405922.7505	19999999.253	29315281.914	0.455322
570.999006986618	250405922.74925	20000000.305	29290823.906	0.455322
571.997407913208	250405922.7505	20000001.6620001	29248324.774	0.455322
572.995810031891	250405922.75075	19999999.6849999	29181140.699	0.454102
574.009811878204	250405922.7495	19999998.472	29097788.788	0.454712
575.008213996887	250405922.74975	20000001.3940001	29005559.572	0.454712
576.006614923477	250405922.75	20000000.0209999	28906532.963	0.452881
577.00501704216	250405922.74975	19999999.9660001	28812527.025	0.454712
578.003418922424	250405922.74925	19999998.6849999	28724183.142	0.454102
579.001821041107	250405922.75025	20000001.455	28649308.087	0.453491
580.000221967697	250405922.751	19999998.993	28589946.559	0.455322
580.998623847961	250405922.74925	20000000.428	28546079.659	0.455322
581.997025966644	250405922.74925	20000000.0749999	28519760.739	0.455322
582.995427846909	250405922.751	20000000	28504157.67	0.455322
584.009428977966	250405922.75025	20000000.1270001	28501573.081	0.454712
585.007830858231	250405922.75	20000000.529	28508651.235	0.454102
586.006232976913	250405922.749	20000000.11	28518384.542	0.455322
587.004634857178	250405922.75125	19999998.919	28522910.033	0.455322
588.003036022186	250405922.74925	20000000.653	28515331.298	0.454712
589.001437902451	250405922.75025	20000000.262	28494616.936	0.454712
589.999840021133	250405922.75	19999998.51	28456758.691	0.455322
590.998241901398	250405922.75025	20000001.155	28400190.239	0.455322
591.996643066406	250405922.7495	19999998.282	28322873.8250001	0.455322
592.995044946671	250405922.7495	20000001.87	28225867.9959999	0.458984
594.009047031403	250405922.75025	19999999.508	28110320.8640001	0.460205
595.007448911667	250405922.7505	20000000.074	27979657.5639999	0.461426
596.005850076675	250405922.7495	20000000.215	27843858.8130001	0.464478
597.00425195694	250405922.751	19999999.678	27713003.286	0.469971
598.002654075623	250405922.74925	19999999.25	27594274.883	0.474243
599.001055955887	250405922.75025	20000002.131	27486731.382	0.479736
599.999456882477	250405922.74975	19999998.978	27390783.515	0.482788
600.99785900116	250405922.75025	20000000.371	27310911.421	0.48584
601.996260881424	250405922.74975	20000000.267	27247485.6899999	0.491333
602.994663000107	250405922.74925	19999999.103	27197607.1800001	0.492554
604.00866484642	250405922.75175	20000000.377	27160577.7359999	0.496216
605.007066011429	250405922.749	19999999.106	27136108.4580001	0.496826
606.005467891693	250405922.75075	20000001.493	27122104.02	0.497437
607.003870010376	250405922.74925	19999998.644	27113393.336	0.498047
608.00227189064	250405922.75025	20000001.333	27107188.964	0.498657
609.000673055649	250405922.74925	19999999.633	27103450.723	0.499878
609.999074935913	250405922.7515	19999999.52	27096460.834	0.500488
610.997477054596	250405922.74925	19999999.411	27091225.483	0.498047
611.99587893486	250405922.75025	20000000.283	27087730.935	0.499268
613.009880065918	250405922.74975	20000001.003	27088898.875	0.498657
614.008281946182	250405922.75025	19999999.5979999	27092188.72	0.498657
615.006684064865	250405922.74975	20000000.1060001	27104644.615	0.496216
616.005085945129	250405922.74975	20000000.0039999	27126074.399	0.495606
617.003486871719	250405922.75	19999999.8940001	27161517.673	0.491943
618.001888990402	250405922.7505	20000000.002	27204996.019	0.489502
619.000290870667	250405922.75025	20000000.416	27252330.97	0.487671
619.998692989349	250405922.74975	19999999.182	27297801.147	0.484619
620.997093915939	250405922.75	20000001.045	27339180.353	0.481567
621.995496034622	250405922.74975	19999998.418	27372198.437	0.480957
623.009497880936	250405922.7505	20000000.622	27399311.134	0.478516
624.007899999619	250405922.75	19999999.1800001	27423527.828	0.478516
625.006300926209	250405922.75	20000000.809	27443769.125	0.477295
626.004703044891	250405922.74975	20000000.01	27463501.495	0.477905
627.003104925156	250405922.75025	20000000.962	27474913.695	0.477905
628.001507043839	250405922.749	19999998.559	27477315.85	0.476685
628.999907970428	250405922.75025	20000000.3349999	27469311.8019999	0.479126
629.998309850693	250405922.75025	19999999.649	27454236.6450001	0.479126
630.996711969376	250405922.74975	19999999.602	27430978.2099999	0.478516
631.99511384964	250405922.7495	20000001.452	27402811.398	0.479736
633.009114980698	250405922.7515	19999999.138	27371855.5470001	0.484009
634.007516860962	250405922.74975	19999999.4549999	27341831.5499999	0.48523
635.005918979645	250405922.74975	20000000.774	27311819.6550001	0.48523
636.004320859909	250405922.75025	19999999.188	27281518.9779999	0.489502
637.002722024918	250405922.749	20000000.726	27257331.189	0.489502
638.001123905182	250405922.751	19999999.914	27243011.428	0.488892
638.999526023865	250405922.749	19999999.981	27242599.819	0.488892
639.997927904129	250405922.75025	19999999.499	27256139.274	0.487671
640.996329069138	250405922.74925	20000001.102	27282886.189	0.488892
642.010330915451	250405922.75	20000000.724	27316637.592	0.483399
643.008733034134	250405922.75075	19999999.362	27355997.974	0.481567
644.007134914398	250405922.7495	19999999.665	27397368.545	0.479736
645.005537033081	250405922.75125	19999999.366	27437474.83	0.476685
646.003937959671	250405922.74975	20000000.731	27474165.7969999	0.475464
647.002340078354	250405922.74975	19999999.768	27503534.023	0.474854
648.000741958618	250405922.75025	20000000.115	27530090.748	0.474243
648.999144077301	250405922.74975	19999999.475	27550241.144	0.473633
649.997545003891	250405922.75025	19999999.558	27561261.515	0.472412
650.995946884155	250405922.75	20000001.245	27565136.272	0.472412
652.009948968887	250405922.75025	19999999.84	27562088.462	0.474243
653.008350849152	250405922.74925	19999999.184	27554701.003	0.473633
654.00675201416	250405922.75025	20000000.168	27539652.865	0.475464
655.005153894424	250405922.75075	20000000.939	27507948.408	0.475464
656.003556013107	250405922.7495	19999998.859	27464032.484	0.479736
657.001957893372	250405922.75	20000001.161	27412863.28	0.480957
658.00035905838	250405922.74975	19999999.343	27363616.407	0.484009
658.998760938644	250405922.74975	20000000.142	27314339.989	0.488281
659.997163057327	250405922.751	19999999.32	27271015.918	0.488281
660.995564937592	250405922.74975	20000000.5010001	27232579.715	0.491943
662.009566068649	250405922.74975	20000001.177	27195336.273	0.494995
663.007967948914	250405922.75025	20000000.211	27161443.875	0.496216
664.006370067596	250405922.74875	19999998.8059999	27127556.319	0.499878
665.004771947861	250405922.751	19999999.1880001	27088951.342	0.501709
666.003172874451	250405922.74975	20000000.1969999	27039767.763	0.505371
667.001574993134	250405922.75025	19999999.34	26984946.762	0.508423
667.999976873398	250405922.74925	20000001.858	26929388.5730001	0.513916
668.998378992081	250405922.75	19999998.771	26872262.298	0.517578
669.996779918671	250405922.7505	20000001.3809999	26809069.673	0.523071
671.010782003403	250405922.7505	19999998.929	26743849.016	0.527954
672.009183883667	250405922.74925	20000000.618	26678618.1439999	0.532227
673.00758600235	250405922.74975	20000000.013	26615795.1750001	0.536499
674.00598692894	250405922.7505	19999999.27	26560434.698	0.539551
675.004389047623	250405922.75075	20000001.017	26515746.22	0.541992
676.002790927887	250405922.7495	19999999.211	26475619.15	0.546875
677.00119304657	250405922.7495	19999999.503	26437490.041	0.547485
677.99959397316	250405922.75125	19999999.911	26395985.824	0.552368
678.997995853424	250405922.74925	20000001.265	26348736.168	0.55603
679.996397972107	250405922.74975	19999999.945	26290396.956	0.558472
681.010400056839	250405922.7495	19999999.484	26218381.2410001	0.563965
682.008801937103	250405922.7505	19999999.235	26133064.906	0.568237
683.007202863693	250405922.7495	20000001.194	26029874.661	0.575562
684.005604982376	250405922.74975	19999999.592	25910017.9439999	0.580444
685.00400686264	250405922.75075	19999999.018	25777816.4130001	0.586548
686.002408981323	250405922.74975	20000000.967	25634779.7119999	0.591431
687.000809907913	250405922.7505	19999999.765	25479570.341	0.597534
