#Menlo Systems GmbH 2009 - Comb Watch v0.9.6
#Measurement from 23.3.2021.
#Begin of the measurement: 14:45:04, 53104 sec after midnight.
#Add 803216704 to get the time since 0:00 of 10th Oct. 1995 = MJD 50000 in seconds.
#
#C0:	timestamp
#C1:	reprate.freq	The actual repetition rate of the comb (calculated from counter0)	Hz
#C2:	offset.freq	Offset beat frequency (see counter1)	Hz	20000000	10
#C3:	counter2.freq	Counter channel 2 frequency	Hz
#C4:	counter2.signal	Signal strength of counter channel 2 input	V
#
#S0:	4
#Statistics settings
#S1:	250405922.75	0.005
#S2:	20000000	10
#S3:	#
#S4:	#
#
#timestamp	#reprate.freq	#offset.freq	#counter2.freq	#counter2.signal
0.998401880264282	250405922.74975	20000000.34	26110506.9960001	0.566406
1.99680280685425	250405922.75	20000000.976	26122664.8529999	0.566406
2.99520492553711	250405922.751	19999999.724	26124537.067	0.563965
3.99360680580139	250405922.749	20000000.033	26114860.2360001	0.565796
4.99200892448425	250405922.7495	19999999.869	26085012.4979999	0.568237
5.99040985107422	250405922.7505	19999999.623	26037066.2260001	0.57312
6.98881196975708	250405922.7495	20000001.022	25969096.471	0.574341
7.98721385002136	250405922.75	19999999.821	25892173.1240001	0.580444
9.00121593475342	250405922.751	19999999.836	25812638.027	0.582275
9.99961686134338	250405922.7495	19999999.49	25742094.337	0.585327
10.9980189800262	250405922.74925	20000000.143	25691710.897	0.587158
11.9964208602905	250405922.75075	19999999.616	25666152.106	0.586548
12.9948229789734	250405922.7495	20000000.38	25667844.785	0.585938
13.9932239055634	250405922.7505	19999999.564	25700886.989	0.584107
14.9916257858276	250405922.7505	20000000.181	25756408.52	0.582886
15.9900279045105	250405922.74825	20000000.644	25829380.552	0.577393
16.9884297847748	250405922.75075	19999999.194	25915658.285	0.57312
18.0024309158325	250405922.75	20000000.8329999	26011922.226	0.568237
19.0008327960968	250405922.7505	19999999.612	26114041.322	0.563965
19.9992349147797	250405922.7495	19999999.1570001	26215724.466	0.556641
20.9976367950439	250405922.7495	20000001.316	26313293.783	0.549316
21.9960379600525	250405922.75175	19999998.695	26403714.691	0.542603
22.9944398403168	250405922.74925	19999999.6409999	26480511.793	0.53833
23.9928419589996	250405922.74975	20000000.646	26535790.246	0.53772
24.9912438392639	250405922.75025	20000001.526	26564101.394	0.534668
25.9896447658539	250405922.749	19999998.326	26570912.88	0.536499
26.9880468845367	250405922.75025	19999999.48	26556659.57	0.539551
28.0020489692688	250405922.751	20000000.794	26524155.033	0.541382
29.0004508495331	250405922.7505	20000000.4009999	26475851.879	0.544434
29.998851776123	250405922.7495	20000000.3870001	26420751.982	0.547485
30.9972538948059	250405922.74975	20000000.731	26360105.317	0.552979
31.9956557750702	250405922.75	19999998.937	26293326.659	0.559082
32.9940578937531	250405922.74975	19999999.569	26231481.885	0.561524
33.992458820343	250405922.74975	20000000.959	26182082.784	0.563355
34.9908609390259	250405922.75	19999999.722	26153728.3989999	0.563965
35.9892628192902	250405922.75075	19999999.464	26143589.612	0.564575
36.987664937973	250405922.74875	19999999.8329999	26146054.245	0.563965
38.0016667842865	250405922.75175	20000000.2980001	26160311.5090001	0.563965
39.000067949295	250405922.7485	19999999.9629999	26176474.249	0.561524
39.9984698295593	250405922.751	19999999.293	26190524.5910001	0.560913
40.9968719482422	250405922.75	19999999.5270001	26202236.1819999	0.561524
41.9952738285065	250405922.74975	20000002.522	26206458.974	0.560303
42.993674993515	250405922.7495	19999999.345	26197010.544	0.561524
43.9920768737793	250405922.75	20000000.095	26169643.605	0.564575
44.9904789924622	250405922.7505	20000000.2349999	26123467.312	0.568848
45.9888808727264	250405922.74975	19999998.939	26051967.734	0.57251
47.0028817653656	250405922.75025	19999999.711	25962785.044	0.576782
48.0012838840485	250405922.75	19999999.638	25855665.4169999	0.580444
48.9996857643127	250405922.74925	20000001.072	25746265.525	0.585327
49.9980878829956	250405922.7505	19999999.062	25634315.352	0.588989
50.9964888095856	250405922.74975	20000001.045	25523714.3480001	0.59082
51.9948909282684	250405922.74975	19999999.732	25407540.554	0.593872
52.9932928085327	250405922.75075	19999999.88	25294635.304	0.595703
53.9916949272156	250405922.74875	20000000.299	25180778.067	0.598145
54.9900958538055	250405922.75175	19999999.514	25067753.431	0.598755
55.9884979724884	250405922.7505	20000000.547	24952040.364	0.599365
57.0024998188019	250405922.7495	19999999.044	24834630.146	0.601807
58.0009019374847	250405922.74925	20000000.662	24712065.841	0.601807
58.9993028640747	250405922.75025	20000000.173	24608341.847	0.601196
59.9977049827576	250405922.75	19999999.141	24565631.105	0.601807
60.9961068630219	250405922.75025	20000000.718	24606867.678	0.601807
61.9945089817047	250405922.7485	19999999.897	24743437.64	0.601196
62.9929099082947	250405922.751	19999999.354	24974181.13	0.598145
63.991311788559	250405922.7505	19999999.846	25283693.409	0.592041
64.9897139072418	250405922.75	20000000.793	25663286.091	0.578003
65.9881157875061	250405922.74975	19999999.018	26091040.002	0.553589
67.0021169185638	250405922.7495	20000000.1	26546634.812	0.516968
68.0005187988281	250405922.75	20000001.783	27015782.575	0.484619
68.998920917511	250405922.7505	19999999.808	27482565.218	0.466309
69.9973227977753	250405922.74975	19999999.46	27936424.465	0.455322
70.9957239627838	250405922.74925	20000000.815	28368372.66	0.453491
71.9941258430481	250405922.75125	19999999.376	28775489.956	0.454102
72.992527961731	250405922.7495	19999999.4680001	29154626.559	0.454712
73.9909298419952	250405922.751	20000000.092	29494467.5730001	0.454712
74.9893307685852	250405922.7485	20000000.1379999	29789359.6789999	0.455933
76.0033328533173	250405922.751	20000000.0010001	30033859.4220001	0.457153
77.0017349720001	250405922.7495	19999999.178	30228320.069	0.458374
78.0001368522644	250405922.75025	20000000.0980001	30376853.205	0.458374
78.9985389709473	250405922.75025	20000000.347	30491653.0109999	0.458374
79.9969398975372	250405922.7495	19999999.585	30583536.4940001	0.458374
80.9953417778015	250405922.7495	20000000.987	30659951.094	0.458984
81.9937438964844	250405922.75	19999999.29	30723432.433	0.458984
82.9921457767487	250405922.74975	20000000.115	30779404.859	0.459595
83.9905469417572	250405922.75	20000000.398	30825306.2920001	0.458984
84.9889488220215	250405922.75125	19999999.5189999	30863209.467	0.458984
86.0029509067535	250405922.74875	20000000.215	30893671.2869999	0.458374
87.0013527870178	250405922.7505	19999999.558	30919798.506	0.458984
87.9997539520264	250405922.75025	19999999.985	30947159.557	0.459595
88.9981558322906	250405922.75	20000000.853	30975168.1339999	0.458984
89.9965579509735	250405922.75	19999998.7919999	31012133.803	0.459595
90.9949598312378	250405922.7495	20000000.827	31044716.424	0.458374
91.9933609962463	250405922.7505	20000000.5190001	31065203.272	0.458984
92.9917628765106	250405922.74975	19999999.275	31074241.295	0.458984
93.9901649951935	250405922.74975	20000001.138	31073381.089	0.459595
94.9885668754578	250405922.7505	19999998.369	31061060.621	0.460205
96.0025677680969	250405922.75	20000001.0320001	31040254.326	0.458984
97.0009698867798	250405922.74975	20000000.456	31005072.069	0.458374
97.9993717670441	250405922.7495	19999998.631	30956070.744	0.460815
98.9977738857269	250405922.7505	20000000.4089999	30901948.507	0.458984
99.9961748123169	250405922.75025	20000001.232	30853784.132	0.458984
100.994576931	250405922.75	19999998.722	30820300.838	0.458984
101.992978811264	250405922.74975	20000000.287	30799258.779	0.458984
102.991380929947	250405922.75025	19999999.716	30788039.641	0.457153
103.989781856537	250405922.74975	20000000.655	30788898.255	0.459595
105.003783941269	250405922.74975	19999999.465	30792745.233	0.458374
106.002185821533	250405922.75025	20000000.187	30802894.848	0.458374
107.000587940216	250405922.7495	20000000.563	30811856.526	0.458984
107.998988866806	250405922.75125	19999999.913	30815900.3	0.459595
108.997390985489	250405922.74975	19999998.904	30812750.692	0.458374
109.995792865753	250405922.7495	19999999.918	30805793.5769999	0.458984
110.994194984436	250405922.75025	20000000.841	30791331.6720001	0.458984
111.992595911026	250405922.74975	20000000.45	30778799.069	0.459595
112.99099779129	250405922.75	19999999.076	30765082.926	0.458374
113.989399909973	250405922.7505	20000001.241	30757111.517	0.458984
115.003401994705	250405922.7495	19999998.865	30755707.0250001	0.458984
116.001803874969	250405922.7505	19999999.45	30763988.739	0.458984
117.000204801559	250405922.74975	20000001.045	30781210.635	0.459595
117.998606920242	250405922.74975	19999999.205	30811497.931	0.458984
118.997008800507	250405922.75075	20000000.384	30855324.47	0.458984
119.995410919189	250405922.74925	20000000.502	30916470.8429999	0.458984
120.993811845779	250405922.74975	19999999.195	30983682.153	0.458374
121.992213964462	250405922.75025	20000000.548	31057710.4120001	0.459595
122.990615844727	250405922.75025	19999999.136	31128509.401	0.458984
123.989017963409	250405922.74975	20000001.007	31192740.571	0.460815
125.003018856049	250405922.75	20000000.066	31248949.901	0.458984
126.001420974731	250405922.751	19999998.739	31288640.769	0.459595
126.999822854996	250405922.7495	20000001.735	31307639.281	0.460205
127.998224973679	250405922.74875	19999998.454	31296949.959	0.460815
128.996625900269	250405922.75125	20000000.7459999	31253375.57	0.458984
129.995027780533	250405922.7495	20000000.0600001	31179731.477	0.458984
130.993429899216	250405922.74975	19999999.375	31078631.783	0.458374
131.99183177948	250405922.75	20000000.337	30960394.577	0.458984
132.990232944489	250405922.7505	19999999.9399999	30827449.503	0.457153
133.988634824753	250405922.74975	19999999.7000001	30679491.988	0.459595
135.002636909485	250405922.75	20000000.9399999	30528506.129	0.458374
136.001038789749	250405922.7505	19999999.763	30377630.196	0.457764
136.999439954758	250405922.74925	20000000.131	30228723.248	0.457153
137.997841835022	250405922.75075	19999999.117	30087078.241	0.457153
138.996243953705	250405922.75025	20000000.197	29958871.711	0.455933
139.994645833969	250405922.75	20000000.786	29839358.894	0.455933
140.993046998978	250405922.749	19999998.916	29726079.903	0.455933
141.991448879242	250405922.7505	20000000.272	29620537.256	0.455933
142.989850997925	250405922.75025	20000000.822	29518754.601	0.455322
144.003852844238	250405922.749	19999998.5089999	29413324.711	0.454712
145.002253770828	250405922.75125	20000000.399	29309071.5930001	0.454102
146.000655889511	250405922.75	20000001.799	29204846.8709999	0.453491
146.999057769775	250405922.74975	19999998.497	29095522.96	0.454102
147.997459888458	250405922.74975	20000000.587	28987091.431	0.453491
148.995860815048	250405922.74975	20000000.145	28883707.163	0.454712
149.994262933731	250405922.75025	20000000.187	28787672.048	0.453491
150.992664813995	250405922.75	19999999.79	28699931.9680001	0.453491
151.991066932678	250405922.75	19999999.523	28616620.39	0.453491
152.989467859268	250405922.75	20000000.245	28537409.25	0.454102
154.003469944	250405922.75	20000000.402	28463497.351	0.454102
155.001871824265	250405922.75025	19999999.949	28395554.2700001	0.454102
156.000273942947	250405922.74975	19999998.976	28333293.0109999	0.455322
156.998675823212	250405922.74975	20000001.73	28280489.964	0.455322
157.99707698822	250405922.75075	19999998.653	28237486.158	0.457153
158.995478868484	250405922.74875	20000000.417	28202509.3890001	0.456543
159.993880987167	250405922.7505	19999999.801	28170812.724	0.456543
160.992282867432	250405922.74975	19999999.432	28132913.682	0.457153
161.990683794022	250405922.7505	20000002.287	28090454.19	0.457764
162.989085912704	250405922.74975	19999999.442	28049073.682	0.458984
164.003087997437	250405922.74975	19999998.861	28006870.262	0.460205
165.001489877701	250405922.75025	20000001.408	27963457.07	0.459595
165.999890804291	250405922.7505	19999998.771	27918944.037	0.461426
166.998292922974	250405922.7495	20000000.36	27872672.325	0.463257
167.996694803238	250405922.75	19999999.345	27819586.943	0.466919
168.995096921921	250405922.7505	20000000.491	27762588.317	0.465698
169.993497848511	250405922.74875	20000000.407	27708233.977	0.46814
170.991899967194	250405922.7505	19999999.276	27662244.529	0.46814
171.990301847458	250405922.751	20000000.096	27625892.844	0.469971
173.00430393219	250405922.74925	19999999.33	27601956.7909999	0.470581
174.00270485878	250405922.75	20000000.237	27590531.808	0.470581
175.001106977463	250405922.75075	19999999.448	27591716.133	0.46936
175.999508857727	250405922.75	20000000.26	27602079.235	0.470581
176.99791097641	250405922.74925	20000000.027	27619670.594	0.46936
177.996311903	250405922.75	20000000.817	27648896.099	0.46936
178.994713783264	250405922.7495	19999999.493	27677669.774	0.46814
179.993115901947	250405922.751	20000000.156	27705907.976	0.465698
180.991517782211	250405922.7495	19999999.829	27737909.104	0.465088
181.98991894722	250405922.75	20000000.1060001	27768282.7540001	0.464478
183.003920793533	250405922.75075	19999999.4419999	27798464.2029999	0.463257
184.002322912216	250405922.74975	20000000.819	27828443.104	0.463257
185.00072479248	250405922.74975	20000000.227	27859970.176	0.460815
185.999125957489	250405922.7505	19999999.8250001	27893195.761	0.460815
186.997527837753	250405922.749	19999999.6439999	27922739.485	0.460205
187.995929956436	250405922.751	20000000.503	27950663.278	0.459595
188.9943318367	250405922.7485	19999998.3790001	27974163.305	0.458374
189.99273276329	250405922.75075	20000000.9449999	28000828.1110001	0.458374
190.991134881973	250405922.75025	19999999.7590001	28025672.7129999	0.457153
191.989536762238	250405922.74975	20000000.227	28049806.6750001	0.457764
193.00353884697	250405922.7505	20000000.951	28077077.656	0.456543
194.001940965652	250405922.74975	19999999.494	28110941.8609999	0.455933
195.000341892242	250405922.7495	19999999.3490001	28149879.581	0.455933
195.998743772507	250405922.7505	19999999.347	28188269.225	0.457153
196.99714589119	250405922.74975	20000001.01	28226042.834	0.455322
197.995547771454	250405922.75025	19999999.637	28260099.018	0.454712
198.993948936462	250405922.74975	20000001.114	28287663.097	0.455322
199.992350816727	250405922.75025	19999998.9530001	28313591.6520001	0.454712
200.99075293541	250405922.75	20000001.303	28335646.433	0.454712
202.004754781723	250405922.7495	19999998.3839999	28354739.348	0.454102
203.003155946732	250405922.75025	20000001.2870001	28366165.846	0.453491
204.001557826996	250405922.74975	20000000.056	28368180.268	0.454712
204.999959945679	250405922.7495	19999998.813	28358236.597	0.454712
205.998361825943	250405922.751	20000000.502	28331901.888	0.455322
206.996762990952	250405922.74975	19999999.434	28294048.946	0.455322
207.995164871216	250405922.7505	20000000.79	28246408.24	0.455322
208.993566989899	250405922.74925	19999999.149	28185613.208	0.455933
209.991968870163	250405922.75025	20000000.387	28111001.4130001	0.458374
210.990369796753	250405922.74975	20000000.083	28024300.0409999	0.459595
212.004371881485	250405922.7515	20000000.128	27930289.732	0.461426
213.002774000168	250405922.74875	20000001.041	27825888.641	0.465698
214.001175880432	250405922.75025	19999999.848	27707074.358	0.46936
214.999576807022	250405922.75	19999999.989	27572764.003	0.475464
215.997978925705	250405922.75	19999998.618	27427748.097	0.483399
216.996380805969	250405922.74975	20000001.093	27277433.195	0.491333
217.994782924652	250405922.75025	20000000.037	27130108.36	0.500488
218.993183851242	250405922.7495	19999999.456	26989635.748	0.509644
219.991585969925	250405922.74975	20000000.629	26865426.377	0.518799
220.989987850189	250405922.75175	19999999.343	26753667.37	0.526733
222.003989934921	250405922.7495	20000000.443	26653543.706	0.532837
223.002390861511	250405922.74975	19999998.522	26562306.684	0.541382
224.000792980194	250405922.7495	20000000.787	26475501.04	0.546875
224.999194860458	250405922.75025	20000000.653	26395149.1340001	0.552368
225.997596979141	250405922.7495	20000000.262	26322834.8149999	0.558472
226.995997905731	250405922.75025	19999999.129	26257857.07	0.560913
227.994399785995	250405922.75075	20000000.19	26199129.7919999	0.563355
228.992801904678	250405922.74975	19999999.585	26141988.1600001	0.565796
229.991203784943	250405922.74975	20000000.479	26082014.1589999	0.570679
231.005205869675	250405922.75	20000000.309	26005446.352	0.573731
232.003606796265	250405922.75	19999999.339	25916099.1830001	0.579224
233.002008914948	250405922.75025	20000000.0779999	25808996.875	0.581665
234.000410795212	250405922.7495	20000000.7620001	25692220.8909999	0.587158
234.998812913895	250405922.7505	19999999.887	25575205.3260001	0.592041
235.997213840485	250405922.74975	19999999.507	25458224.456	0.593262
236.995615959167	250405922.7505	19999999.6880001	25346202.248	0.596314
237.994017839432	250405922.749	19999999.7869999	25237691.7839999	0.596924
238.992419958115	250405922.74975	20000001.499	25139008.885	0.598755
239.990820884705	250405922.75075	19999998.97	25056617.949	0.599365
241.004822969437	250405922.75	19999999.548	24992993.889	0.599976
242.003224849701	250405922.74975	20000001.475	24953986.606	0.601807
243.001626968384	250405922.74925	19999997.696	24933598.628	0.600586
244.000027894974	250405922.75075	20000000.6290001	24931848.186	0.599976
244.998429775238	250405922.751	20000000.1289999	24943832.595	0.600586
245.996831893921	250405922.749	20000000.911	24966958.364	0.600586
246.995233774185	250405922.75025	19999998.6060001	25001803.244	0.599365
247.993634939194	250405922.7505	20000000.359	25040041.921	0.598145
248.992036819458	250405922.75	20000000.7509999	25079911.565	0.596924
249.990438938141	250405922.7495	19999999.0860001	25119128.937	0.597534
251.004440784454	250405922.74925	20000000.808	25149229.473	0.597534
252.002841949463	250405922.7505	19999999.689	25167930	0.598755
253.001243829727	250405922.74975	20000000.1719999	25169413.092	0.598755
253.99964594841	250405922.7505	20000000.8250001	25156453.506	0.596924
254.998047828674	250405922.75	19999999.266	25123353.99	0.599365
255.996448993683	250405922.74975	20000000.747	25073534.539	0.600586
256.994850873947	250405922.7505	19999998.742	25011936.77	0.599365
257.99325299263	250405922.7495	20000000.045	24948620.051	0.600586
258.991654872894	250405922.75075	20000000.1260001	24889896.46	0.601196
260.005655765533	250405922.75025	20000000.772	24841181.167	0.601196
261.004057884216	250405922.74875	19999999.974	24804616.015	0.601807
262.002459764481	250405922.7505	20000000.389	24787226.2410001	0.601196
263.000861883163	250405922.7505	19999999.502	24784368.5	0.599976
263.999262809753	250405922.7495	20000000.655	24798275.7529999	0.601807
264.997664928436	250405922.75025	19999999.841	24830836.194	0.599365
265.996066808701	250405922.75025	19999999.123	24878885.059	0.603027
266.994468927383	250405922.74925	20000001.053	24939007.8080001	0.600586
267.992869853973	250405922.74975	19999999.019	25006276.387	0.600586
268.991271972656	250405922.74975	19999999.277	25089911.567	0.599365
270.00527381897	250405922.75075	20000000.854	25206893.094	0.595703
271.003675937653	250405922.74975	19999998.936	25373265.222	0.59082
272.002077817917	250405922.74975	20000001.889	25586884.0499999	0.585938
273.000478982925	250405922.75025	19999999.523	25841101.419	0.575562
273.99888086319	250405922.7495	19999999.99	26130001.256	0.557251
274.997282981873	250405922.7505	19999999.779	26444221.1689999	0.533447
275.995684862137	250405922.75025	20000000.474	26775785.464	0.509033
276.994085788727	250405922.74975	20000000.332	27122159.253	0.487061
277.99248790741	250405922.75025	19999999.47	27470736.1240001	0.466309
278.990889787674	250405922.7505	19999998.661	27813382.6459999	0.458374
280.004891872406	250405922.74975	20000000.057	28141137.225	0.457153
281.003292798996	250405922.75025	20000001.491	28444898.651	0.454102
282.001694917679	250405922.74975	20000000.036	28716324.714	0.453491
283.000096797943	250405922.74975	19999999.521	28954689.961	0.455322
283.998498916626	250405922.75075	19999999.122	29158821.472	0.455933
284.996899843216	250405922.74875	20000000.866	29322716.65	0.454712
285.995301961899	250405922.751	19999999.962	29443221.738	0.455322
286.993703842163	250405922.7495	20000000.354	29521886.134	0.455933
287.992105960846	250405922.75	19999999.5929999	29560526.88	0.455322
289.006106853485	250405922.7505	20000000.2720001	29566293.315	0.457153
290.004508972168	250405922.74975	19999999.9499999	29547477.951	0.456543
291.002910852432	250405922.75	19999999.6700001	29516577.154	0.455322
292.001312971115	250405922.7495	19999999.8759999	29480658.893	0.454712
292.999713897705	250405922.75075	19999999.742	29440948.196	0.455322
293.998115777969	250405922.749	20000000.173	29399130.1300001	0.455322
294.996517896652	250405922.75075	20000000.5150001	29359135.891	0.454712
295.994919776917	250405922.75	20000000.2559999	29320092.098	0.454102
296.993320941925	250405922.749	20000000.03	29280553.847	0.454712
297.991722822189	250405922.7505	19999999.2210001	29236563.999	0.455933
299.005724906921	250405922.75	20000000.77	29181386.823	0.454102
300.004126787186	250405922.75025	20000000.1619999	29111848.951	0.453491
301.002527952194	250405922.75025	20000000.1850001	29026024.216	0.455933
302.000929832459	250405922.75	19999998.64	28922484.392	0.454102
302.999331951141	250405922.7505	20000000.699	28804158.956	0.454102
303.997733831406	250405922.74975	20000000.011	28673965.4250001	0.452881
304.996134996414	250405922.7495	19999999.477	28528700.485	0.452881
305.994536876678	250405922.75025	20000000.7229999	28369907.7869999	0.455322
306.992938995361	250405922.7505	20000000.059	28200472.331	0.457764
307.991340875626	250405922.74925	19999999.906	28022071.149	0.460815
309.005342960358	250405922.7495	20000000.807	27835426.114	0.465698
310.003743886948	250405922.75075	19999998.148	27646644.7620001	0.471802
311.002145767212	250405922.74975	20000000.856	27453518.8379999	0.482788
312.000547885895	250405922.7505	20000000.676	27266923.0600001	0.492554
312.998949766159	250405922.74925	19999999.079	27096402.3399999	0.50354
313.997350931168	250405922.75025	20000000.082	26953155.1550001	0.513916
314.995752811432	250405922.7495	19999999.833	26831314.2229999	0.52124
315.994154930115	250405922.74975	20000000.705	26735296.284	0.528565
316.992556810379	250405922.7505	19999999.251	26662194.351	0.531616
317.990957975388	250405922.75025	19999999.829	26612338.133	0.534058
319.004959821701	250405922.751	19999999.772	26583753.091	0.53894
320.003361940384	250405922.74925	20000000.771	26577740.482	0.535278
321.001763820648	250405922.75025	20000000.591	26587637.695	0.534668
322.000164985657	250405922.749	19999999.969	26607717.256	0.531616
322.998566865921	250405922.75075	19999999.157	26627710.046	0.531616
323.996968984604	250405922.74925	20000000.034	26642364.493	0.531006
324.995370864868	250405922.75	20000000.358	26648217.399	0.531006
325.993771791458	250405922.75025	19999999.293	26645997.538	0.532837
326.992173910141	250405922.75	20000001.043	26628074.112	0.532227
328.006175994873	250405922.7505	19999999.353	26593241.371	0.536499
329.004577875137	250405922.7495	19999999.828	26545522.227	0.542603
330.002978801727	250405922.75025	19999998.751	26487839.842	0.545654
331.00138092041	250405922.75025	20000001.888	26423068.123	0.550537
331.999782800674	250405922.74925	19999999.413	26350970.126	0.55481
332.998184919357	250405922.7505	19999999.986	26280270.28	0.558472
333.996585845947	250405922.74975	20000000.377	26213623.256	0.565186
334.99498796463	250405922.75025	19999999.31	26158598.745	0.565796
335.993389844894	250405922.75	19999999.973	26116933.046	0.568237
336.991791963577	250405922.75	20000001.003	26087005.232	0.568848
338.005792856216	250405922.74975	19999999.807	26063151.697	0.570679
339.004194974899	250405922.75	19999999.635	26045756.081	0.57251
340.002596855164	250405922.75075	19999999.937	26031111.049	0.57251
341.000998973846	250405922.749	19999999.492	26020857.873	0.57312
341.999399900436	250405922.7505	20000000.5980001	26015604.441	0.57312
342.997801780701	250405922.7495	19999999.62	26014117.933	0.57251
343.996203899384	250405922.74975	20000000.038	26021709.0499999	0.571289
344.994605779648	250405922.7505	20000000.7539999	26033188.7460001	0.571289
345.993006944656	250405922.7505	19999999.0940001	26049228.353	0.570068
346.991408824921	250405922.75	20000000.538	26076260.028	0.567017
348.005410909653	250405922.74975	19999999.5979999	26116766.5779999	0.565186
349.003812789917	250405922.75	20000001.306	26166545.204	0.562744
350.0022149086	250405922.74975	19999999.7820001	26219766.053	0.558472
351.00061583519	250405922.75075	19999999.456	26274601.2510001	0.55481
351.999017953873	250405922.74975	19999999.17	26333001.527	0.552979
352.997419834137	250405922.75	20000001.049	26393618.567	0.546875
353.99582195282	250405922.7495	19999999.0040001	26453648.692	0.542603
354.99422287941	250405922.7505	20000000.5539999	26507936.981	0.53894
355.992624998093	250405922.75	20000000.0220001	26557194.373	0.535278
357.006626844406	250405922.7495	19999999.528	26608919.081	0.531616
358.005028963089	250405922.7505	20000001.9	26660891.038	0.527954
359.003429889679	250405922.75	19999998.051	26719402.274	0.522461
360.001831769943	250405922.74975	20000000.855	26783798.641	0.516968
361.000233888626	250405922.75025	19999999.4629999	26854125.993	0.512085
361.99863576889	250405922.75	20000000.0710001	26930848.402	0.506592
362.997036933899	250405922.74925	20000000.3169999	27014031.235	0.499878
363.995438814163	250405922.75025	19999999.664	27098320.156	0.495606
364.993840932846	250405922.75	19999999.799	27181837.93	0.490112
365.99224281311	250405922.75025	20000000.339	27262314.384	0.484009
367.006243944168	250405922.7495	20000000.9069999	27341710.433	0.480957
368.004645824432	250405922.75075	20000000.031	27421804.792	0.474854
369.003047943115	250405922.74925	19999999.195	27496641.474	0.472412
370.00144982338	250405922.751	20000000.672	27562157.576	0.471802
370.999850988388	250405922.74975	19999999.006	27619224.007	0.46875
371.998252868652	250405922.75025	20000000.855	27662153.286	0.467529
372.996654987335	250405922.7495	19999998.74	27688317.785	0.46814
373.995056867599	250405922.75	20000000.914	27698066.978	0.466919
374.993457794189	250405922.7505	20000000.197	27689328.267	0.466919
375.991859912872	250405922.74925	20000000.094	27656969.092	0.46936
377.005861997604	250405922.75025	19999999.705	27597585.735	0.472412
378.004263877869	250405922.7505	20000000.094	27516839.667	0.476074
379.002664804459	250405922.74975	19999999.095	27418282.115	0.482178
380.001066923141	250405922.75	20000001.021	27304664.178	0.488892
380.999468803406	250405922.74975	19999999.198	27184245.301	0.495606
381.997870922089	250405922.75	20000000.234	27064511.268	0.504761
382.996271848679	250405922.75	19999998.501	26953695.351	0.512085
383.994673967361	250405922.74975	20000002.094	26856500.467	0.518799
384.993075847626	250405922.75025	19999998.704	26772471.652	0.524902
386.007077932358	250405922.75025	20000000.506	26698265.5930001	0.529175
387.005479812622	250405922.75025	20000000.544	26632463.346	0.533447
388.003880977631	250405922.74975	19999999.525	26576907.8130001	0.53772
389.002282857895	250405922.7495	20000000.199	26522914.1289999	0.541992
390.000684976578	250405922.7505	19999999.57	26466465.4220001	0.546265
390.999086856842	250405922.75	20000001.207	26393326.1359999	0.553589
391.997487783432	250405922.74975	19999999.75	26299590.676	0.559082
392.995889902115	250405922.74975	20000000.31	26180179.2180001	0.568237
393.994291782379	250405922.7505	19999998.407	26033125.2509999	0.578613
394.992693901062	250405922.74975	20000001.3510001	25855991.3610001	0.584717
396.006694793701	250405922.7495	19999999.375	25656062.489	0.5896
397.005096912384	250405922.751	20000000.9579999	25435967.808	0.598145
398.003498792648	250405922.75	19999999.051	25214047.0860001	0.598755
399.001900911331	250405922.749	20000000.156	25000219.8169999	0.603027
400.000301837921	250405922.75025	19999999.8989999	24805638.046	0.603638
400.998703956604	250405922.74975	20000000.205	24643651.566	0.603027
401.997105836868	250405922.75025	20000000.271	24518321.168	0.603638
402.995507955551	250405922.74975	19999999.284	24427984.749	0.602417
403.993908882141	250405922.7505	20000000.285	24374242.768	0.602417
404.992310762405	250405922.7495	19999999.493	24344452.884	0.602417
406.006312847137	250405922.75075	20000002.0059999	24338257.61	0.604248
407.00471496582	250405922.7495	19999998.604	24346370.131	0.603638
408.00311589241	250405922.75075	20000000.1170001	24363133.412	0.601807
409.001517772675	250405922.7495	19999999.591	24383587.337	0.601196
409.999919891357	250405922.75075	20000000.812	24396250.304	0.603638
410.998321771622	250405922.749	20000000.3889999	24393486.32	0.600586
411.99672293663	250405922.75125	19999999.143	24377280.532	0.603638
412.995124816895	250405922.749	19999999.409	24348689.789	0.603027
413.993526935577	250405922.7505	19999999.9879999	24304208.873	0.604248
415.007528781891	250405922.749	20000001.131	24250725.622	0.603027
416.005929946899	250405922.75075	19999998.721	24193400.343	0.602417
417.004331827164	250405922.75025	20000000.7600001	24134339.843	0.603638
418.002733945847	250405922.74925	19999999.2739999	24086102.933	0.602417
419.001135826111	250405922.75025	20000000.35	24050775.736	0.603638
419.999536991119	250405922.74975	20000000.654	24029761.639	0.601807
420.997938871384	250405922.7495	20000000.1439999	24021482.076	0.603638
421.996340990067	250405922.7505	19999999.934	24030739.4	0.601807
422.994742870331	250405922.74975	19999998.847	24054806.7149999	0.601807
423.993143796921	250405922.7505	19999999.853	24091763.7210001	0.600586
425.007145881653	250405922.74975	20000000.548	24139063.788	0.604248
426.005547761917	250405922.74975	19999999.737	24192995.819	0.603027
427.0039498806	250405922.75125	20000000.773	24245604.856	0.603638
428.002351999283	250405922.74875	19999999.626	24294436.906	0.603027
429.000752925873	250405922.75075	19999999.719	24336922.778	0.603638
429.999154806137	250405922.74975	20000000.684	24370704.342	0.603027
430.99755692482	250405922.74975	19999998.283	24387041.21	0.603638
431.995958805084	250405922.74975	20000001.172	24386152.646	0.604248
432.994359970093	250405922.75075	20000000.63	24369006.635	0.602417
433.992761850357	250405922.75025	19999999.363	24334413.699	0.603638
435.006763935089	250405922.74875	19999999.825	24286554.994	0.601807
436.005165815353	250405922.751	20000000.243	24233140.816	0.603027
437.003566980362	250405922.75	20000000.448	24178261.436	0.603638
438.001968860626	250405922.75	19999999.397	24128445.248	0.603027
439.000370979309	250405922.75025	20000000.405	24081099.478	0.603027
439.998772859573	250405922.74925	19999999.953	24042353.67	0.603027
440.997173786163	250405922.74975	20000001.111	24011745.305	0.599976
441.995575904846	250405922.7505	19999999.572	23989532.7420001	0.601196
442.99397778511	250405922.7505	20000000.102	23971462.2529999	0.603027
444.007979869843	250405922.749	19999999.892	23955373.5500001	0.603638
445.006380796433	250405922.75	19999999.1300001	23944906.096	0.601807
446.004782915115	250405922.7505	20000000.9859999	23941804.661	0.601807
447.00318479538	250405922.74975	19999998.993	23941392.751	0.602417
448.001586914063	250405922.75075	20000000.629	23943171.487	0.601196
448.999987840652	250405922.74975	19999999.216	23944186.233	0.603027
449.998389959335	250405922.74975	20000000.028	23943988.879	0.601807
450.9967918396	250405922.75075	20000000.778	23937945.795	0.604248
451.995193958282	250405922.749	19999999.85	23927405.047	0.603027
452.993594884872	250405922.75	20000001.025	23904179.05	0.602417
454.007596969604	250405922.7505	19999999.6110001	23875716.889	0.601807
455.005998849869	250405922.7495	19999998.576	23839529.64	0.603027
456.004400968552	250405922.7505	19999999.689	23807788.674	0.602417
457.002801895142	250405922.74975	20000000.038	23778202.176	0.602417
458.001203775406	250405922.74975	20000000.46	23752572.065	0.599976
458.999605894089	250405922.7505	20000000.3349999	23740396.224	0.601807
459.998007774353	250405922.74925	20000000.5580001	23738235.22	0.601807
460.996408939362	250405922.751	20000000.461	23749987.65	0.603638
461.994810819626	250405922.7505	19999999.249	23772959.297	0.603027
462.993212938309	250405922.74925	19999999.446	23806586.305	0.604248
464.007214784622	250405922.75	20000000.358	23841526.887	0.603027
465.005616903305	250405922.74975	20000000.318	23876347.004	0.600586
466.004017829895	250405922.74975	19999999.926	23900845.754	0.601196
467.002419948578	250405922.75025	20000001.6010001	23913825.2499999	0.603027
468.000821828842	250405922.75	19999998.717	23913223.189	0.602417
468.999223947525	250405922.7505	20000000.2129999	23899479.6960001	0.602417
469.997624874115	250405922.74975	19999999.2540001	23868308.2919999	0.603027
470.996026992798	250405922.7495	19999999.623	23819815.88	0.602417
471.994428873062	250405922.7505	20000001.222	23752304.983	0.603027
473.008430957794	250405922.75	19999998.8909999	23661468.9729999	0.601196
474.006831884384	250405922.74925	20000000.5420001	23550326.712	0.598755
475.005233764648	250405922.75075	19999999.664	23419740.3130001	0.601807
476.003635883331	250405922.75025	20000001.117	23274308.757	0.598755
477.002037763596	250405922.74975	19999998.679	23117438.4039999	0.598755
478.000438928604	250405922.75	20000000.339	22955245.7750001	0.599365
478.998840808868	250405922.74875	19999999.825	22789795.354	0.599365
479.997242927551	250405922.75175	19999999.928	22630337.114	0.596924
480.995644807816	250405922.74875	19999999.992	22486085.1570001	0.596924
481.994045972824	250405922.7505	19999999.958	22361478.8299999	0.594482
483.008047819138	250405922.7495	20000000.498	22256554.955	0.594482
484.00644993782	250405922.7505	19999999.877	22173713.3480001	0.593872
485.004851818085	250405922.7505	19999999.476	22112428.374	0.595093
486.003252983093	250405922.74975	19999999.806	22070777.819	0.595703
487.001654863358	250405922.74925	20000000.723	22042303.7129999	0.595093
488.00005698204	250405922.75025	19999999.805	22020181.4230001	0.593872
488.998458862305	250405922.75025	20000000.888	22006996.346	0.594482
489.996859788895	250405922.75	19999998.358	21994819.786	0.595703
490.995261907578	250405922.7505	20000000.539	21968909.918	0.593262
491.993663787842	250405922.749	20000000.033	21917882.525	0.595703
493.007665872574	250405922.75025	20000000.107	21842472.015	0.594482
494.006066799164	250405922.75025	20000000.621	21740293.62	0.592651
495.004468917847	250405922.75	19999999.443	21619834.912	0.592651
496.002870798111	250405922.7505	20000000.2119999	21495035.829	0.592041
497.001272916794	250405922.7495	19999999.6440001	21373954.376	0.588379
497.999673843384	250405922.74925	20000000.769	21264874.854	0.592651
498.998075962067	250405922.75075	19999999.563	21171218.629	0.59082
499.996477842331	250405922.7495	19999999.516	21093807.912	0.588989
500.994879961014	250405922.7505	20000000.148	21033930.146	0.588989
501.993280887604	250405922.74925	20000000.587	20984991.866	0.588989
503.007282972336	250405922.7515	20000000.791	20944473.09	0.5896
504.0056848526	250405922.749	19999998.581	20915434.916	0.588379
505.004086971283	250405922.75075	19999999.618	20895099.174	0.586548
506.002488851547	250405922.74875	20000000.4399999	20883331.799	0.588989
507.000889778137	250405922.7505	19999999.289	20878709.88	0.585938
507.99929189682	250405922.75	20000001.115	20886306.808	0.588379
508.997693777084	250405922.75	19999998.897	20929645.315	0.5896
509.996095895767	250405922.7505	20000001.1570001	21066115.297	0.588989
510.994496822357	250405922.75	19999999.0369999	21328619.027	0.593262
512.008498907089	250405922.74925	20000001.127	21718870.227	0.593262
513.006900787354	250405922.7505	19999999.227	22219242.69	0.596924
514.005302906036	250405922.7495	20000000.148	22810712.405	0.598755
515.003703832626	250405922.751	20000000.868	23472805.89	0.601807
516.002105951309	250405922.75	19999999.613	24180958.071	0.601196
517.000507831573	250405922.749	19999999.2179999	24907207.698	0.592651
517.998909950256	250405922.75175	20000001.4250001	25631087.48	0.571289
518.997310876846	250405922.74875	19999998.2539999	26340604.557	0.524292
519.995712995529	250405922.75	20000000.6	27023947.189	0.479126
520.994114875793	250405922.75	20000000.5980001	27670702.397	0.458374
522.008116960526	250405922.75025	19999999.867	28269456.615	0.452881
523.006517887115	250405922.74975	19999999.555	28811524.132	0.454102
524.00491976738	250405922.74925	19999999.971	29299708.416	0.455322
525.003321886063	250405922.75025	20000000.7570001	29730073.102	0.457153
526.001723766327	250405922.75025	19999999.226	30104431.9070001	0.457764
527.000124931335	250405922.75025	19999999.839	30429211.665	0.457764
527.9985268116	250405922.74975	20000000.678	30704756.29	0.458984
528.996928930283	250405922.75025	19999998.931	30941453.8100001	0.459595
529.995330810547	250405922.75025	20000001.2	31140955.765	0.458374
530.993731975555	250405922.74975	19999999.717	31303207.63	0.459595
532.007733821869	250405922.75025	19999999.721	31444039.122	0.460205
533.006135940552	250405922.74975	20000000.752	31570775.398	0.458984
534.004537820816	250405922.74975	19999997.9	31684345.197	0.460815
535.002938985825	250405922.7505	20000001.407	31796759.007	0.458984
536.001340866089	250405922.75	19999999.694	31900375.815	0.461426
536.999742984772	250405922.74975	20000001.288	31989678.119	0.459595
537.998144865036	250405922.75	19999999.732	32069955.526	0.460205
538.996545791626	250405922.7495	19999999.776	32137211.188	0.460815
539.994947910309	250405922.75	20000000.267	32190268.956	0.460205
541.008949995041	250405922.7505	19999998.317	32231813.884	0.459595
542.007351875305	250405922.75025	20000000.755	32266645.182	0.460205
543.005753993988	250405922.7505	20000000.109	32299677.153	0.459595
544.004154920578	250405922.74925	20000000.673	32331085.833	0.459595
545.002556800842	250405922.75025	19999999.333	32361179.924	0.458984
546.000958919525	250405922.7505	20000000.0409999	32389303.263	0.459595
546.999360799789	250405922.749	19999999.753	32416065.389	0.459595
547.997761964798	250405922.75025	19999999.355	32444948.442	0.459595
548.996163845062	250405922.75025	20000000.943	32479738.306	0.459595
549.994565963745	250405922.75025	20000001.305	32520896.995	0.460205
551.008567810059	250405922.74925	19999998.609	32565259.3329999	0.458374
552.006968975067	250405922.7505	19999999.744	32609943.7970001	0.460815
553.005370855331	250405922.7495	20000000.204	32652671.431	0.459595
554.003772974014	250405922.74975	20000000.564	32687723.247	0.460815
555.002174854279	250405922.75	19999999.5420001	32721269.717	0.460205
556.000575780869	250405922.75025	19999999.5619999	32758521.363	0.460205
556.998977899551	250405922.75025	20000000.0190001	32807539.9119999	0.459595
557.997379779816	250405922.74975	20000000.345	32868382.033	0.460205
558.995781898499	250405922.75075	20000000.045	32938737.5880001	0.460205
559.994182825089	250405922.75	19999999.535	33011469.841	0.460815
561.008184909821	250405922.75	20000000.666	33075828.1390001	0.460205
562.006586790085	250405922.74925	20000000.2540001	33129286.994	0.460815
563.004988908768	250405922.75075	19999999.635	33174538.702	0.459595
564.003389835358	250405922.7495	20000000.196	33209324.068	0.461426
565.001791954041	250405922.74975	19999999.237	33230849.8080001	0.460205
566.000193834305	250405922.74975	20000000.766	33238338.2589999	0.461426
566.998595952988	250405922.7505	19999999.2999999	33227484.554	0.460205
567.996996879578	250405922.7505	19999999.628	33195899.775	0.460205
568.995398998261	250405922.74975	20000000.772	33144093.99	0.461426
570.009400844574	250405922.74925	20000000.1	33081402.221	0.460205
571.007802963257	250405922.75	19999999.492	33003583.25	0.460815
572.006203889847	250405922.751	20000000.727	32916725.892	0.460815
573.004605770111	250405922.74925	20000000.291	32829469.419	0.460205
574.003007888794	250405922.7505	19999999.824	32734593.872	0.460205
575.001409769058	250405922.75	20000000.733	32636894.264	0.460205
575.999810934067	250405922.74975	19999998.691	32543644.045	0.460205
576.998212814331	250405922.7505	20000001.352	32456288.315	0.460205
577.996614933014	250405922.74975	19999997.3840001	32372681.124	0.459595
578.995016813278	250405922.75	20000001.5439999	32297730.53	0.459595
580.00901889801	250405922.74975	19999999.5120001	32224186.616	0.460205
581.0074198246	250405922.75025	20000000.229	32148032.014	0.460815
582.005821943283	250405922.75	20000000.301	32059512.004	0.458984
583.004223823547	250405922.75	19999999.43	31963326.0880001	0.458374
584.00262594223	250405922.75025	20000000.332	31857225.403	0.460205
585.00102686882	250405922.7495	19999999.341	31742143.4119999	0.460205
585.999428987503	250405922.75025	20000001.063	31626771.574	0.460205
586.997830867767	250405922.74975	20000000.076	31510801.4910001	0.458374
587.99623298645	250405922.74975	19999999.527	31397881.4249999	0.459595
588.99463391304	250405922.75025	20000000.932	31288640.854	0.459595
590.008635997772	250405922.7495	20000000.439	31173782.439	0.457764
591.007037878037	250405922.75075	19999998.2	31055133.585	0.458374
592.005439996719	250405922.75	20000000.335	30923067.712	0.458984
593.003840923309	250405922.749	20000000.832	30784646.726	0.458374
594.002242803574	250405922.75125	19999999.259	30641914.023	0.459595
595.000644922256	250405922.75	20000000.614	30500177.0780001	0.457764
595.999046802521	250405922.749	19999999.042	30359835.2579999	0.458374
596.997447967529	250405922.75	20000001.249	30226171.184	0.457764
597.995849847794	250405922.75025	19999999.005	30104132.661	0.457153
599.009851932526	250405922.75025	19999999.725	29993779.2920001	0.456543
600.00825381279	250405922.75	20000001.206	29893358.1719999	0.455933
601.006654977798	250405922.75025	19999999.763	29801227.1500001	0.456543
602.005056858063	250405922.75	19999999.674	29716993.357	0.455933
603.003458976746	250405922.749	20000000.236	29642723.022	0.456543
604.00186085701	250405922.751	19999999.184	29571410.614	0.455322
605.0002617836	250405922.75	20000001.054	29498947.745	0.456543
605.998663902283	250405922.749	19999998.841	29422863.041	0.455322
606.997065782547	250405922.75075	20000000.228	29350234.183	0.454712
607.99546790123	250405922.75025	19999999.4859999	29288735.514	0.455933
609.009468793869	250405922.7495	20000000.095	29244044.121	0.454712
610.007870912552	250405922.75075	20000000.725	29212801.794	0.454102
611.006272792816	250405922.749	19999999.142	29194140.377	0.454712
612.004674911499	250405922.7505	20000001.3430001	29184746.453	0.455322
613.003075838089	250405922.7495	19999999.097	29189275.519	0.454712
614.001477956772	250405922.751	20000001.104	29205202.466	0.454102
614.999879837036	250405922.7495	19999998.278	29231877.557	0.454712
615.998281955719	250405922.74975	20000001.73	29265123.467	0.454102
616.996682882309	250405922.75075	19999999.711	29304734.01	0.454102
617.995084762573	250405922.75025	19999999.085	29351119.272	0.455322
619.009086847305	250405922.74875	20000001.216	29408353.931	0.455933
620.007488965988	250405922.75075	19999999.341	29471115.494	0.455322
621.005890846252	250405922.75	20000001.319	29538523.419	0.455322
622.004291772842	250405922.7495	19999997.878	29607901.231	0.455933
623.002693891525	250405922.751	20000001.364	29670740.2770001	0.455933
624.00109577179	250405922.74875	19999999.2520001	29731034.85	0.456543
624.999497890472	250405922.75025	20000000.864	29783690.851	0.456543
625.997898817062	250405922.75	19999999.52	29830788.599	0.455322
626.996300935745	250405922.75125	19999999.2510001	29868012.858	0.456543
628.010302782059	250405922.7485	20000000.022	29892932.673	0.457764
629.008704900742	250405922.751	20000001.041	29911099.527	0.456543
630.007105827332	250405922.75	19999998.691	29924064.9510001	0.456543
631.005507946014	250405922.74975	20000000.0190001	29935476.5829999	0.457153
632.003909826279	250405922.74925	20000000.145	29947286.9730001	0.455322
633.002311944962	250405922.7505	20000000.011	29955479.457	0.457153
634.000712871552	250405922.74975	20000000.382	29958933.5259999	0.457153
634.999114990234	250405922.7505	20000000.6669999	29964031.478	0.456543
635.997516870499	250405922.74925	19999999.207	29969664.159	0.457153
636.995918989182	250405922.7505	19999999.938	29982169.143	0.457153
638.009919881821	250405922.74925	20000000.832	30003587.149	0.457153
639.008321762085	250405922.75025	19999998.364	30029272.576	0.457764
640.006723880768	250405922.75	20000001.153	30061850.961	0.457764
641.005125999451	250405922.75025	19999999.929	30100080.186	0.457764
642.003526926041	250405922.74925	20000000.627	30140023.404	0.456543
643.001928806305	250405922.751	19999999.683	30171076.644	0.457764
644.000330924988	250405922.74975	19999999.556	30184515.083	0.456543
644.998732805252	250405922.751	20000000.446	30178020.051	0.457153
645.997133970261	250405922.74925	19999998.902	30149221.343	0.457764
646.995535850525	250405922.75025	20000001.009	30094852.36	0.457764
648.009537935257	250405922.75	19999999.781	30022611.511	0.457764
649.007939815521	250405922.74975	19999999.454	29938894.202	0.456543
650.00634098053	250405922.74925	20000000.937	29849322.822	0.456543
651.004742860794	250405922.7505	19999999.8290001	29762692.687	0.457153
652.003144979477	250405922.75025	20000000.148	29684406.721	0.457153
653.001546859741	250405922.75	19999999.655	29623847.516	0.457764
653.999947786331	250405922.7505	19999998.648	29578741.205	0.455933
654.998349905014	250405922.74925	20000001.581	29552138.036	0.455322
655.996751785278	250405922.75075	20000000.07	29546514.7520001	0.455933
657.01075387001	250405922.74975	19999999.927	29560061.3349999	0.457153
658.009155988693	250405922.74925	19999999.668	29588668.2410001	0.455933
659.007556915283	250405922.75025	20000000.172	29622883.298	0.455322
660.005958795547	250405922.7505	19999999.936	29649318.309	0.456543
661.00436091423	250405922.75025	19999999.206	29667948.429	0.456543
662.002762794495	250405922.7495	20000000.883	29669689.702	0.456543
663.001163959503	250405922.74925	19999999.883	29649702.6329999	0.455933
663.999565839767	250405922.7505	20000000.696	29607534.9280001	0.455933
664.99796795845	250405922.7505	19999999.08	29547341.5949999	0.454712
665.996369838715	250405922.74975	19999999.863	29474450.6650001	0.454712
667.010370969772	250405922.75	20000001.681	29400126.622	0.455322
668.008772850037	250405922.75025	19999999.155	29316120.8250001	0.454712
669.007174968719	250405922.75	20000000.408	29227181.2589999	0.454712
670.005576848984	250405922.75075	19999998.426	29126256.07	0.454102
671.003977775574	250405922.74875	20000000.7130001	29020601.851	0.454712
672.002379894257	250405922.74975	19999999.028	28904107.096	0.454102
673.000781774521	250405922.75	20000001.2479999	28776438.024	0.452881
673.999183893204	250405922.7505	20000000.087	28643381.293	0.453491
674.997584819794	250405922.7495	20000000.141	28507805.598	0.453491
675.995986938477	250405922.75025	19999999.676	28368813.52	0.455933
677.00998878479	250405922.75025	19999999.506	28225518.7	0.458374
678.008390903473	250405922.75025	19999999.9829999	28084041.366	0.459595
679.006791830063	250405922.74925	20000001.0500001	27942783.65	0.462036
680.005193948746	250405922.751	19999998.9069999	27809897.325	0.465698
681.00359582901	250405922.75075	20000000.016	27682809.657	0.46936
682.001997947693	250405922.749	20000000.5419999	27574957.623	0.473633
683.000398874283	250405922.75025	20000000.8440001	27484822.183	0.477295
683.998800992966	250405922.749	19999998.969	27409496.553	0.480957
684.99720287323	250405922.7505	20000000.3939999	27348954.494	0.48523
685.995604991913	250405922.7505	19999998.982	27299516.871	0.487671
687.009605884552	250405922.74875	20000000.776	27263841.228	0.487061
688.008007764816	250405922.75025	19999999.681	27246696.514	0.488892
689.006409883499	250405922.75075	19999999.646	27246060.137	0.490112
690.004811763763	250405922.75025	20000000.229	27258639.656	0.48645
691.003212928772	250405922.7495	20000001.141	27274754.874	0.48645
692.001614809036	250405922.74975	19999999.226	27290400.29	0.48523
