#Menlo Systems GmbH 2009 - Comb Watch v0.9.6
#Measurement from 23.3.2021.
#Begin of the measurement: 16:45:17, 60317 sec after midnight.
#Add 803223917 to get the time since 0:00 of 10th Oct. 1995 = MJD 50000 in seconds.
#
#C0:	timestamp
#C1:	reprate.freq	The actual repetition rate of the comb (calculated from counter0)	Hz
#C2:	offset.freq	Offset beat frequency (see counter1)	Hz	20000000	10
#C3:	counter2.freq	Counter channel 2 frequency	Hz
#
#S0:	4
#Statistics settings
#S1:	250114573.25	0.005
#S2:	20000000	10
#S3:	#
#
#timestamp	#reprate.freq	#offset.freq	#counter2.freq
0.998402118682861	250114573.24925	19999999.7839999	9990227.51200008
1.99680399894714	250114573.25025	20000000.7540001	9989680.73899996
2.99520516395569	250114573.25	19999999.258	9997418.73399997
3.99360704421997	250114573.25	20000000.14	10012395.33
4.99200916290283	250114573.25	20000000.559	10034069.9629999
5.99041104316711	250114573.24975	19999999.1439999	10066593.3610001
6.98881196975708	250114573.2505	20000000.466	10104631.386
7.98721408843994	250114573.25	19999999.959	10146732.379
9.00121593475342	250114573.25	19999999.1160001	10188797.594
9.99961805343628	250114573.2495	20000001.725	10230161.38
10.9980199337006	250114573.25	19999998.346	10270328.746
11.9964210987091	250114573.25	19999999.9990001	10309290.6309999
12.9948229789734	250114573.25075	20000000.533	10336692.12
13.9932250976563	250114573.25025	19999999.249	10352828.4330001
14.9916269779205	250114573.24975	20000000.033	10354699.484
15.9900281429291	250114573.24975	20000000.709	10340619.498
16.9884300231934	250114573.24925	19999999.5750001	10317697.0649999
18.0024321079254	250114573.25025	20000000.308	10292422.5
19.0008339881897	250114573.251	19999999.518	10267403.3840001
19.9992351531982	250114573.25	19999999.836	10239690.6489999
20.9976370334625	250114573.24975	20000000.35	10216264.6930001
21.9960391521454	250114573.249	20000000.61	10198903.5309999
22.9944410324097	250114573.2505	19999999.902	10188898.365
23.9928419589996	250114573.24975	19999999.349	10187385.1340001
24.9912440776825	250114573.2495	19999999.74	10194184.081
25.9896459579468	250114573.25125	20000000.811	10204683.466
26.9880480766296	250114573.2495	19999999.149	10220136.608
28.0020489692688	250114573.2505	20000001.075	10237002.997
29.0004510879517	250114573.25	19999999.163	10248197.782
29.9988529682159	250114573.2495	20000000.705	10254826.453
30.9972550868988	250114573.2495	19999999.704	10259174.534
31.9956560134888	250114573.25025	19999999.613	10259431.648
32.9940581321716	250114573.24975	20000000.912	10264715.862
33.9924600124359	250114573.25075	19999999.86	10274130.776
34.9908621311188	250114573.2495	19999999.791	10285412.522
35.9892630577087	250114573.25025	19999999.596	10294973.766
36.987664937973	250114573.24975	20000000.343	10291105.089
38.0016670227051	250114573.2505	20000001.169	10285012.913
39.0000691413879	250114573.25025	19999998.382	10285063.432
39.9984700679779	250114573.25	20000001.427	10298836.477
40.9968719482422	250114573.24975	20000000.316	10328430.354
41.995274066925	250114573.2495	19999998.405	10371915.103
42.9936759471893	250114573.2505	20000001.314	10425989.04
43.9920771121979	250114573.2505	19999999.043	10488456.12
44.9904789924622	250114573.24925	19999999.764	10558279.109
45.988881111145	250114573.25025	19999999.469	10631852.852
47.0028829574585	250114573.2505	20000000.921	10707879.108
48.001284122467	250114573.2495	19999999.176	10775239.992
48.9996860027313	250114573.25025	20000000.39	10828666.531
49.9980881214142	250114573.25025	20000000.283	10865489.049
50.9964900016785	250114573.2495	19999998.4220001	10890162.966
51.9948921203613	250114573.25025	20000000.8149999	10909549.491
52.9932930469513	250114573.24975	20000000.107	10925898.513
53.9916951656342	250114573.24975	20000000.419	10944132.916
54.9900970458984	250114573.25025	20000000.219	10966427.504
55.9884991645813	250114573.2495	20000000.327	10993991.703
57.0025000572205	250114573.251	19999999.8180001	11027785.754
58.0009019374847	250114573.25	19999999.7919999	11064463.444
58.9993040561676	250114573.249	20000000.108	11109491.242
59.9977059364319	250114573.2505	19999999.283	11157205.428
60.9961071014404	250114573.24975	20000000.339	11209659.553
61.9945089817047	250114573.24975	20000001.4629999	11259541.58
62.9929111003876	250114573.25	19999998.666	11307720.902
63.9913129806519	250114573.2505	19999999.75	11353629.614
64.9897141456604	250114573.2495	19999999.931	11394209.056
65.9881160259247	250114573.2505	20000000.0420001	11438098.617
67.0021181106567	250114573.25	20000000.568	11482813.295
68.000519990921	250114573.25	19999999.904	11524309.035
68.9989211559296	250114573.24975	20000001.827	11566049.042
69.9973230361938	250114573.25	19999999.12	11605350.159
70.9957251548767	250114573.25025	19999999.4369999	11645297.369
71.994127035141	250114573.2505	19999999.715	11680362.768
72.992527961731	250114573.24925	20000001.387	11707836.9899999
73.9909300804138	250114573.25075	19999999.038	11732051.905
74.9893319606781	250114573.24925	20000000.666	11757782.393
76.0033340454102	250114573.25025	20000000.402	11789652.706
77.0017349720001	250114573.2495	19999998.213	11824929.135
78.000137090683	250114573.25025	20000001.19	11865688.1340001
78.9985389709473	250114573.2505	20000000.523	11910809.701
79.9969410896301	250114573.25	19999998.914	11959397.825
80.9953420162201	250114573.2495	20000000.175	12007646.6869999
81.993744134903	250114573.25	20000000.473	12055638.807
82.9921460151672	250114573.2505	20000000.424	12100134.344
83.9905481338501	250114573.2495	19999999.569	12141629.018
84.9889490604401	250114573.2505	19999999.362	12182217.4169999
86.0029511451721	250114573.2495	20000000.362	12224589.9680001
87.0013530254364	250114573.25075	20000000.789	12267504.6110001
87.9997551441193	250114573.249	19999998.818	12311564.1279999
88.9981570243835	250114573.2505	20000000.72	12352552.1260001
89.9965579509735	250114573.25	19999999.835	12385464.941
90.9949600696564	250114573.24975	19999999.701	12413850.0010001
91.9933619499207	250114573.25025	20000000.719	12428100.8609999
92.9917640686035	250114573.24975	19999999.906	12434717.785
93.9901649951935	250114573.25	19999999.553	12443247.493
94.9885671138763	250114573.25075	20000000.385	12456888.99
96.0025689601898	250114573.2495	20000000.762	12468192.053
97.0009710788727	250114573.2505	19999999.033	12475777.386
97.9993720054626	250114573.2495	19999999.672	12480228.461
98.9977741241455	250114573.24975	19999998.685	12472571.1390001
99.9961760044098	250114573.25025	20000002.278	12462045.026
100.994578123093	250114573.25	19999999.541	12442828.2819999
101.992979049683	250114573.25025	19999998.845	12420789.627
102.991381168365	250114573.2495	20000001.03	12395072.508
103.98978304863	250114573.25	20000000.304	12366692.955
104.988185167313	250114573.2505	19999999.772	12338212.5749999
106.002186059952	250114573.2495	20000000.091	12312621.681
107.000587940216	250114573.25025	19999999.5220001	12295656.0270001
107.998990058899	250114573.25	20000000.413	12289159.98
108.997391939163	250114573.25025	20000000.163	12298273.8509999
109.995793104172	250114573.2505	20000000.882	12320886.212
110.994194984436	250114573.24875	19999999.705	12351053.684
111.992597103119	250114573.2505	20000000.502	12384622.546
112.990998983383	250114573.2505	19999999.321	12420687.133
113.989400148392	250114573.24925	20000000.0830001	12458684.747
115.003401994705	250114573.25025	20000000.6129999	12495038.067
116.001804113388	250114573.24975	19999999.76	12530533.4289999
117.000205993652	250114573.25	19999999.58	12564025.5430001
117.998607158661	250114573.25025	20000000.295	12590089.66
118.997009038925	250114573.24975	19999999.975	12609837.0010001
119.995411157608	250114573.2505	19999999.508	12624734.709
120.993813037872	250114573.2495	20000000.7260001	12638618.787
121.992213964462	250114573.25075	19999999.188	12654905.218
122.990616083145	250114573.2495	20000000.9069999	12675710.284
123.989017963409	250114573.2495	20000000.7970001	12697787.098
125.003020048141	250114573.25125	19999999.127	12723450.036
126.001420974731	250114573.2495	20000000.855	12750586.896
126.999823093414	250114573.25	19999998.462	12774626.795
127.998224973679	250114573.24975	20000001.224	12792996.248
128.996627092361	250114573.24975	19999999.956	12802615.012
129.995028972626	250114573.25025	19999998.308	12799386.412
130.993430137634	250114573.2495	20000001.107	12786416.219
131.991832017899	250114573.25025	20000000.118	12763966.135
132.990234136581	250114573.2505	19999999.458	12729134.355
133.988636016846	250114573.25	20000000.205	12681181.271
135.002637147903	250114573.24975	19999999.603	12618062.995
136.001039028168	250114573.24975	20000001.346	12547976.402
136.999441146851	250114573.25025	20000000.278	12478177.788
137.997843027115	250114573.2495	19999999.631	12417161.295
138.996243953705	250114573.25	20000000.02	12369084.83
139.994646072388	250114573.2505	19999999.475	12334939.703
140.993047952652	250114573.2495	20000000.743	12316350.076
141.991450071335	250114573.2505	20000000.08	12307004.617
142.989850997925	250114573.2505	19999998.872	12307286.187
144.003853082657	250114573.24925	20000002.22	12312766.905
145.002254962921	250114573.24975	19999999.28	12324654.382
146.000657081604	250114573.251	19999999.736	12333937.609
146.999058008194	250114573.2495	19999998.536	12344813.384
147.997460126877	250114573.25	20000002.47	12353993.974
148.995862007141	250114573.25	19999998.551	12364973.08
149.994264125824	250114573.2495	20000001.105	12372432.87
150.992665052414	250114573.25025	19999999.156	12380520.26
151.991066932678	250114573.2505	19999999.425	12387224.457
152.989469051361	250114573.2505	20000001.158	12392339.22
154.003471136093	250114573.2485	19999999.377	12394862.173
155.001872062683	250114573.25025	19999999.737	12399153.473
156.000273942947	250114573.25025	20000000.6060001	12396188.3279999
156.99867606163	250114573.25075	19999998.66	12388399.044
157.997077941895	250114573.24975	20000001.232	12380449.975
158.995479106903	250114573.25	19999999.608	12374873.567
159.993880987167	250114573.25	20000000.609	12372513.086
160.99228310585	250114573.249	19999999.481	12376271.065
161.990684986115	250114573.251	19999999.483	12383092.511
162.989086151123	250114573.2495	20000000.558	12397092.905
164.003087997437	250114573.25025	19999999.3510001	12419712.179
165.001490116119	250114573.25025	20000000.235	12440169.862
165.999891996384	250114573.2505	20000000.908	12456801.1030001
166.998294115067	250114573.24925	19999999.4649999	12468996.283
167.996695041656	250114573.25	19999999.9840001	12480663.077
168.995097160339	250114573.2495	20000000.4909999	12486135.138
169.993499040604	250114573.2505	19999999.018	12487821.5109999
170.991901159286	250114573.2495	20000001.303	12486489.153
171.990302085876	250114573.25025	19999998.6320001	12485725.6650001
173.00430393219	250114573.24975	20000000.1769999	12491533.7609999
174.002706050873	250114573.2505	20000000.695	12506963.11
175.001107931137	250114573.24925	19999999.574	12536338.016
175.999509096146	250114573.25025	20000000.426	12583817.461
176.99791097641	250114573.25	19999999.845	12642388.9200001
177.996313095093	250114573.25	20000000.272	12717932.6899999
178.994714975357	250114573.251	19999998.669	12811240.789
179.993116140366	250114573.24925	20000001.377	12914240.847
180.99151802063	250114573.25075	19999999.431	13024780.393
181.989920139313	250114573.249	19999999.539	13133812.7609999
183.003921985626	250114573.25025	20000001.032	13237186.171
184.002323150635	250114573.2505	19999999.074	13339458.8310001
185.000725030899	250114573.24975	20000000.794	13434332.2399999
185.999127149582	250114573.24975	19999998.985	13521045.4360001
186.997529029846	250114573.2505	20000000.208	13599813.535
187.995929956436	250114573.24975	20000000.1	13672655.864
188.994332075119	250114573.24925	20000000.52	13735793.788
189.992733955383	250114573.2515	19999999.493	13795579.919
190.991136074066	250114573.24975	19999999.996	13847342.217
191.989537000656	250114573.24975	19999999.582	13890121.673
193.003539085388	250114573.24925	20000000.53	13929946.816
194.001940965652	250114573.24975	20000000.853	13963236.595
195.000343084335	250114573.25175	19999999.591	13987584.89
195.998744010925	250114573.24875	19999999.994	14005310.872
196.997146129608	250114573.2505	19999999.467	14013933.7010001
197.995548009872	250114573.249	20000000.377	14020276.556
198.993950128555	250114573.25025	20000001.085	14023012.0979999
199.992351055145	250114573.2505	19999999.008	14018311.237
200.99075293541	250114573.25	20000000.022	14010210.786
202.004755020142	250114573.25	19999999.416	14006883.383
203.003157138824	250114573.25	19999999.971	14002982.803
204.001558065414	250114573.25	20000001.471	13996678.448
204.999959945679	250114573.24975	19999999.481	13985239.504
205.998362064362	250114573.25025	19999999.035	13974787.196
206.996763944626	250114573.25025	20000000.2549999	13959888.78
207.995166063309	250114573.24975	19999999.7520001	13944925.503
208.993566989899	250114573.24975	19999999.851	13925996.333
209.991969108582	250114573.25025	20000000.709	13896496.787
210.990370988846	250114573.24975	19999999.689	13859836.687
212.004373073578	250114573.25	20000000.096	13811659.533
213.002774000168	250114573.2505	20000000.659	13752341.569
214.001176118851	250114573.24975	20000000.1770001	13683980.688
214.999577999115	250114573.25075	19999999.4399999	13611404.144
215.997980117798	250114573.24925	19999999.933	13534642.746
216.996381044388	250114573.24975	20000000.1620001	13458685.361
217.994783163071	250114573.2495	20000000.6749999	13381852.253
218.993185043335	250114573.25025	19999998.84	13311603.443
219.991587162018	250114573.25	20000000.86	13249465.298
220.989988088608	250114573.2505	19999998.454	13197903.642
222.003989934921	250114573.25025	20000000.731	13156705.18
223.002392053604	250114573.24925	20000000.5070001	13122795.693
224.000793933868	250114573.2505	19999999.877	13094338.376
224.999195098877	250114573.25	19999999.465	13061415.962
225.997596979141	250114573.2505	20000000.1719999	13019286.988
226.995999097824	250114573.24875	20000000.28	12963203.75
227.994400978088	250114573.25075	20000000.5550001	12898457.723
228.992802143097	250114573.24975	19999999.0929999	12826249.306
229.991204023361	250114573.2505	19999999.35	12754826.503
231.005206108093	250114573.2495	20000000.908	12691306.913
232.003607988358	250114573.24925	20000000.199	12633776.717
233.002009153366	250114573.251	19999999.829	12579370.253
234.00041103363	250114573.24925	20000000.4400001	12529923.034
234.998813152313	250114573.251	19999999.535	12485788.687
235.997215032578	250114573.24925	20000000.067	12450895.405
236.995615959167	250114573.25025	20000000.427	12425952.924
237.99401807785	250114573.2495	19999999.651	12410088.366
238.992419958115	250114573.2505	20000000.026	12402763.006
239.990822076797	250114573.25075	19999999.017	12405370.172
241.004822969437	250114573.249	20000002.128	12418461.421
242.00322508812	250114573.2505	19999999.09	12436295.667
243.001626968384	250114573.25	19999998.776	12455249.834
244.000029087067	250114573.24925	20000001.275	12479486.807
244.998430967331	250114573.2515	19999998.998	12510282.493
245.996832132339	250114573.248	20000000.151	12547112.031
246.995234012604	250114573.25075	19999999.91	12590850.3299999
247.993636131287	250114573.25	20000000.565	12638381.4590001
248.992038011551	250114573.24975	20000001.008	12691674.4549999
249.990438938141	250114573.25075	19999998.21	12743555.8130001
251.004441022873	250114573.25025	20000000.653	12793517.3729999
252.002843141556	250114573.24975	19999999.846	12838301.769
253.00124502182	250114573.25075	19999999.645	12880931.248
253.99964594841	250114573.24975	20000000.721	12920375.6389999
254.998048067093	250114573.2485	19999999.532	12955662.132
255.996449947357	250114573.25075	20000001.0869999	12986588.4890001
256.99485206604	250114573.24975	19999999.452	13014686.898
257.99325299263	250114573.25	19999999.062	13043061.0719999
258.991655111313	250114573.2505	20000000.58	13069558.967
260.005656957626	250114573.25	19999999.602	13091661.5040001
261.004059076309	250114573.25	20000001.29	13113919.724
262.002460002899	250114573.2505	19999999.6309999	13133719.199
263.000862121582	250114573.24925	19999998.732	13144929.906
263.999264001846	250114573.25	20000000.4050001	13146437.5979999
264.997666120529	250114573.25025	20000000.658	13137112.184
265.996067047119	250114573.24925	20000000.2559999	13113156.6780001
266.994469165802	250114573.2505	19999998.225	13086537.0139999
267.992871046066	250114573.2495	20000001.3230001	13061365.367
268.991273164749	250114573.2505	19999999.9449999	13042321.975
270.005274057388	250114573.24975	19999999.851	13045729.75
271.003675937653	250114573.2505	19999999.006	13063982.2029999
272.002078056335	250114573.25	20000001.168	13099230.332
273.0004799366	250114573.251	19999999.02	13142403.192
273.998881101608	250114573.24875	20000001.1750001	13194879.182
274.997282981873	250114573.2505	19999999.525	13249212.1999999
275.995685100555	250114573.24925	19999999.872	13303124.094
276.99408698082	250114573.251	20000000.053	13355064.977
277.992488145828	250114573.2495	20000000.0960001	13398110.58
278.990890026093	250114573.25025	20000001.097	13436054.786
280.004892110825	250114573.24975	19999998.7379999	13465749.336
281.003293991089	250114573.25	20000001.3950001	13487918.432
282.001695156097	250114573.25025	19999999.65	13494333.886
283.000097036362	250114573.24925	19999998.051	13484531.91
283.998499155045	250114573.251	20000001.586	13462484.605
284.996901035309	250114573.249	19999999.84	13431152.8399999
285.995303153992	250114573.25	20000000.442	13400396.57
286.993704080582	250114573.2505	19999999.943	13368346.875
287.992105960846	250114573.24975	19999999.635	13332078.396
288.990508079529	250114573.25	20000000.611	13294330.774
290.004510164261	250114573.25025	19999998.541	13257406.209
291.002911090851	250114573.25	20000000.752	13217965.654
292.001312971115	250114573.25025	20000001.521	13181912.996
292.999715089798	250114573.2495	19999999.781	13154153.085
293.998116970062	250114573.25025	19999999.484	13132571.083
294.996518135071	250114573.25075	19999999.088	13109711.352
295.994920015335	250114573.24875	20000001.656	13083447.775
296.993322134018	250114573.24975	19999998.939	13055955.228
297.991724014282	250114573.25075	19999999.908	13024392.257
299.00572514534	250114573.24975	20000000.253	12992451.519
300.004127025604	250114573.25	20000000.402	12966643.467
301.002529144287	250114573.24975	19999999.671	12939391.327
302.000931024551	250114573.25025	20000000.216	12917648.411
302.999331951141	250114573.25075	19999999.857	12903909.426
303.997734069824	250114573.249	20000000.698	12897182.779
304.996135950089	250114573.25025	19999999.052	12895680.737
305.994538068771	250114573.25075	19999999.735	12897261.267
306.992938995361	250114573.25	20000000.019	12898345.434
307.991341114044	250114573.2505	20000000.629	12905486.274
309.005342960358	250114573.24825	19999999.354	12912353.671
310.003745079041	250114573.251	20000000.565	12920473.367
311.00214600563	250114573.25025	20000000.115	12926667.437
312.000548124313	250114573.25025	19999999.813	12933991.484
312.998950004578	250114573.25	19999999.885	12943820.926
313.997352123261	250114573.24925	19999999.698	12957576.152
314.99575304985	250114573.2505	19999999.9929999	12973513.508
315.994155168533	250114573.2495	20000000.444	12990913.336
316.992557048798	250114573.24975	20000000.1070001	13010346.163
317.99095916748	250114573.25025	20000000.1099999	13025968.975
319.00496006012	250114573.25	20000000.7540001	13035285.836
320.003361940384	250114573.24975	19999998.873	13039906.587
321.001764059067	250114573.2495	20000000.4139999	13042302.288
322.000165939331	250114573.25025	19999999.5750001	13038671.506
322.998568058014	250114573.24975	20000000.265	13033692.847
323.996968984604	250114573.25	19999999.981	13024441.594
324.995371103287	250114573.25025	19999999.8340001	13007623.039
325.993772983551	250114573.2505	20000000.0029999	12994679.698
326.992175102234	250114573.2495	20000000.2720001	12987892.635
328.006175994873	250114573.2505	19999999.911	12990350.199
329.004578113556	250114573.25	20000000.4859999	12994416.1960001
330.00297999382	250114573.25025	19999999.355	13003261.3189999
331.001382112503	250114573.25	19999999.969	13006927.7160001
331.999783039093	250114573.24925	19999999.6620001	13010321.405
332.998185157776	250114573.25025	19999999.8349999	13010059.252
333.99658703804	250114573.25025	19999999.654	13005290.3230001
334.994989156723	250114573.2505	20000001.858	12998658.9829999
335.993390083313	250114573.24975	19999999.1899999	12981045.8310001
336.991791963577	250114573.2495	20000000.149	12964403.4499999
338.005794048309	250114573.25025	19999999.288	12953996.927
339.004196166992	250114573.2495	20000000.285	12947432.046
340.002597093582	250114573.25075	20000000.387	12941394.816
341.000998973846	250114573.25025	20000000.528	12941030.653
341.999401092529	250114573.24975	19999999.909	12946884.552
342.997802972794	250114573.24975	19999998.925	12952528.071
343.996204137802	250114573.25	20000000.382	12957594.281
344.994606018066	250114573.25025	19999999.809	12960101.1799999
345.993008136749	250114573.2495	20000000.446	12965529.595
346.991410017014	250114573.251	20000000.236	12969488.028
348.005411148071	250114573.24875	20000000.013	12969928.7589999
349.003813028336	250114573.25	20000000.116	12966474.8230001
350.002215147018	250114573.2505	20000000.827	12959658.05
351.000617027283	250114573.2495	19999999.235	12945512.121
351.999017953873	250114573.25125	19999999.379	12931858.3599999
352.997420072556	250114573.24975	20000000.68	12925727.6670001
353.99582195282	250114573.24925	19999999.656	12925338.46
354.994224071503	250114573.25	20000000.437	12935853.8349999
355.992624998093	250114573.24975	19999998.895	12950241.8080001
357.006627082825	250114573.25075	20000000.673	12961423.9529999
358.005028963089	250114573.24925	20000000.218	12965470.462
359.003431081772	250114573.24975	20000000.759	12957962.428
360.001832008362	250114573.251	19999998.742	12939821.887
361.000234127045	250114573.24975	20000000.414	12918217.0600001
361.998636007309	250114573.25	19999999.903	12891207.385
362.997038125992	250114573.25	20000000.144	12861661.193
363.995440006256	250114573.25025	20000000.428	12831236.6550001
364.993840932846	250114573.24925	19999998.93	12798184.5519999
365.992243051529	250114573.25025	20000000.23	12763999.2920001
367.006245136261	250114573.24975	19999999.699	12732240.8739999
368.004647016525	250114573.25025	19999999.979	12698876.568
369.003047943115	250114573.2505	20000000.705	12670770.54
370.001450061798	250114573.25025	20000000.2359999	12648536.495
370.999851942062	250114573.25025	19999999.6850001	12630617.829
371.998254060745	250114573.24925	20000000.0039999	12612773.836
372.996654987335	250114573.25025	19999999.9680001	12595061.148
373.995057106018	250114573.24975	20000000.225	12575423.54
374.993458986282	250114573.25025	19999999.579	12563134.267
375.991861104965	250114573.24975	19999998.877	12557450.737
377.005861997604	250114573.25	20000001.544	12555569.211
378.004264116287	250114573.24925	20000000.013	12558949.414
379.002665996552	250114573.25075	19999999.558	12568221.235
380.001068115234	250114573.25	20000000.16	12582545.402
380.999469041824	250114573.24975	19999999.735	12598590.702
381.997871160507	250114573.25025	20000001.016	12614867.911
382.996273040771	250114573.25	19999999.528	12627356.068
383.994675159454	250114573.25025	19999999.191	12637526.587
384.993076086044	250114573.24975	19999999.374	12646601.235
386.007077932358	250114573.25	20000001.23	12655805.706
387.005480051041	250114573.25025	19999999.539	12667375.092
388.003881931305	250114573.24975	19999999.6719999	12679381.448
389.002283096313	250114573.2495	20000000.6680001	12682792.394
390.000684976578	250114573.2505	20000000.3889999	12689150.584
390.999087095261	250114573.2495	19999999.883	12699686.456
391.997488975525	250114573.25	19999998.396	12709813.214
392.995890140533	250114573.25125	20000001.599	12714273.394
393.994292020798	250114573.24925	19999999.974	12716466.493
394.992694139481	250114573.25	20000000.135	12711779.118
396.006695985794	250114573.24975	19999999.627	12701427.844
397.005097150803	250114573.25	20000000.004	12687680.105
398.003499031067	250114573.25025	19999999.059	12676752.383
399.00190114975	250114573.2505	20000000.67	12674844.854
400.000303030014	250114573.2495	19999999.703	12673654.438
400.998705148697	250114573.25	20000000.859	12683985.576
401.997106075287	250114573.25	20000000.243	12702608.832
402.995507955551	250114573.2505	20000000.091	12734421.364
403.993910074234	250114573.24925	19999999.537	12767145.812
404.992311954498	250114573.251	20000000.225	12795301.74
406.006313085556	250114573.249	19999999.602	12827947.266
407.00471496582	250114573.2505	19999999.702	12852060.695
408.003117084503	250114573.24975	20000000.87	12872779.375
409.001518964767	250114573.25	19999998.919	12896118.9450001
409.999920129776	250114573.25025	20000000.883	12919869.145
410.99832201004	250114573.2495	19999999.247	12935888.025
411.996724128723	250114573.25	20000000.695	12938901.029
412.995126008987	250114573.25075	19999999.052	12935178.633
413.993526935577	250114573.24925	19999999.901	12931110.0189999
415.007529020309	250114573.25	20000000.166	12913615.7640001
416.005931138992	250114573.25025	20000000.287	12898401.2329999
417.004333019257	250114573.25	20000000.777	12889857.5580001
418.002733945847	250114573.25	19999999.386	12885653.1539999
419.001136064529	250114573.24975	19999999.728	12878065.1030001
419.999537944794	250114573.24975	20000001.615	12870412.391
420.997940063477	250114573.25075	19999999.049	12864480.783
421.996340990067	250114573.25	19999999.746	12868301.112
422.994743108749	250114573.25	20000000.048	12879268.29
423.993144989014	250114573.2495	19999999.699	12895068.342
425.007147073746	250114573.24975	20000000.1270001	12916465.319
426.005548000336	250114573.2505	20000000.206	12944881.169
427.003950119019	250114573.25	20000000.043	12983004.538
428.002351999283	250114573.24925	19999999.881	13022425.003
429.000754117966	250114573.251	20000000.28	13068880.8709999
429.999155044556	250114573.2495	20000000.247	13120927.246
430.997557163239	250114573.24975	19999998.784	13176174.3759999
431.995959043503	250114573.2505	20000000.5599999	13230607.102
432.994361162186	250114573.25025	20000000.2870001	13285325.0760001
433.992762088776	250114573.24975	19999999.6539999	13345530.823
435.006763935089	250114573.24975	20000000.2570001	13409084.9220001
436.005166053772	250114573.25075	20000001.356	13469229.64
437.003567934036	250114573.24925	19999998.758	13528017.6849999
438.001969099045	250114573.25075	19999999.179	13575361.926
439.000370979309	250114573.24975	20000000.3959999	13627268.7160001
439.998773097992	250114573.25	20000001.0860001	13683623.5189999
440.997174978256	250114573.24975	20000000.9269999	13733651.327
441.995577096939	250114573.2505	19999997.478	13781402.857
442.993978023529	250114573.2495	20000001.974	13819239.596
444.007980108261	250114573.24975	19999997.651	13847288.5730001
445.006381988525	250114573.25075	20000000.311	13873211.5419999
446.004784107208	250114573.249	20000000.6569999	13894284.0630001
447.003185033798	250114573.25	20000000.0960001	13908283.6999999
448.001587152481	250114573.25025	19999999.716	13909246.666
448.999989032745	250114573.251	19999999.9	13903046.63
449.998391151428	250114573.24975	20000000.288	13880780.918
450.996792078018	250114573.24925	19999999.924	13847711.746
451.995193958282	250114573.2505	20000000.485	13813467.076
452.993596076965	250114573.2495	19999999.734	13781853.223
454.007598161697	250114573.2505	19999999.245	13757715.64
455.005999088287	250114573.25025	20000001.076	13742995.234
456.004400968552	250114573.2505	20000000.913	13731803.975
457.002803087235	250114573.24875	19999999.303	13714568.147
458.001204967499	250114573.2495	19999999.306	13689305.347
458.999606132507	250114573.251	20000000.343	13649008.147
459.998008012772	250114573.24975	20000001.174	13606628.128
460.996410131454	250114573.2495	19999999.478	13552967.077
461.994812011719	250114573.2505	19999999.857	13493669.665
462.993212938309	250114573.2495	20000000.627	13434698.012
464.007215023041	250114573.251	19999998.6770001	13383156.767
465.005617141724	250114573.249	20000001.024	13350289.109
466.004019021988	250114573.2505	19999998.116	13322808.766
467.002419948578	250114573.25	20000000.651	13299873.726
468.000822067261	250114573.25	19999999.368	13280291.939
468.999223947525	250114573.25	20000002.179	13267117.331
469.997626066208	250114573.25	19999999.618	13262041.738
470.996026992798	250114573.25025	19999999.244	13260160.436
471.994429111481	250114573.24925	20000000.154	13264111.947
472.992830991745	250114573.25025	19999999.536	13273834.103
474.006833076477	250114573.2495	19999999.718	13284256.046
475.005234003067	250114573.25075	19999999.797	13292803.796
476.00363612175	250114573.25	20000001.527	13295714.717
477.002038002014	250114573.24975	19999999.097	13297151.55
478.000440120697	250114573.2505	20000000.0070001	13294436.233
478.998842000961	250114573.24975	19999999.8889999	13290977.088
479.99724316597	250114573.25025	19999999.562	13286106.482
480.995645046234	250114573.24975	20000000.4	13284285.827
481.994047164917	250114573.24975	19999999.9270001	13285273.069
483.00804901123	250114573.25025	19999999.296	13288804.055
484.00644993782	250114573.25025	20000000.732	13292201.789
485.004852056503	250114573.2495	20000000.5499999	13304612.922
486.003253936768	250114573.25125	20000000.094	13332493.643
487.00165605545	250114573.249	19999999.447	13372458.234
488.00005698204	250114573.251	20000000.3050001	13421580.429
488.998459100723	250114573.24925	19999999.438	13474016.009
489.996860980988	250114573.25	19999999.91	13529955.998
490.99526309967	250114573.24975	20000000.311	13592792.996
491.99366402626	250114573.2505	19999999.487	13667596.625
493.007666110992	250114573.25	20000000.7670001	13744241.674
494.006067991257	250114573.249	19999999.8199999	13818133.428
495.00447010994	250114573.251	20000000.154	13884864.4879999
496.00287103653	250114573.24975	19999999.701	13936614.519
497.001273155212	250114573.24975	20000000.418	13970959.512
497.999675035477	250114573.2505	20000000.0780001	13991014.6060001
498.99807715416	250114573.2495	19999999.0139999	13997768.725
499.99647808075	250114573.25	20000000.377	13996843.847
500.994879961014	250114573.24975	20000000.2260001	13989638.201
501.993282079697	250114573.25025	19999999.6339999	13978645.492
503.007284164429	250114573.25	20000000.601	13960513.689
504.005685091019	250114573.25	20000000.353	13940983.87
505.004086971283	250114573.24975	19999998.737	13917188.0159999
506.002489089966	250114573.25	20000000.439	13895260.567
507.00089097023	250114573.24975	20000000.254	13874585.5450001
507.999292135239	250114573.25025	19999999.791	13863475.178
508.997694015503	250114573.2505	19999999.018	13863007.9989999
509.996096134186	250114573.2495	20000001.783	13875820.857
510.99449801445	250114573.25025	19999999.353	13900539.2670001
512.008499145508	250114573.2495	19999999.96	13935507.9859999
513.006901025772	250114573.2495	20000001.121	13976492.141
514.005303144455	250114573.25125	19999998.524	14022189.503
515.003705024719	250114573.24975	20000001.394	14072670.25
516.002105951309	250114573.2495	19999998.851	14126367.777
517.000508069992	250114573.2505	19999998.289	14182179.33
517.998909950256	250114573.24975	20000002.351	14233102.4629999
518.997312068939	250114573.25025	19999999.865	14274519.418
519.995713949203	250114573.25	19999999.213	14301307.7870001
520.994115114212	250114573.2505	20000000.648	14311606.248
522.008116960526	250114573.249	20000000.646	14309070.977
523.006519079208	250114573.2505	19999999.3369999	14296747.347
524.004920959473	250114573.25	19999999.698	14275680.4849999
525.003322124481	250114573.24975	20000000.186	14246396.233
526.001724004745	250114573.25075	20000001.003	14209590.443
527.000126123428	250114573.2495	19999999.289	14168662.0300001
527.998528003693	250114573.25025	20000000.197	14123174.763
528.996929168701	250114573.24925	19999999.506	14077118.691
529.995331048965	250114573.2505	20000000.258	14035454.678
530.993733167648	250114573.24925	19999999.1379999	14001482.787
532.007735013962	250114573.251	20000000.9020001	13974497.975
533.006135940552	250114573.2505	19999999.75	13954106.646
534.004538059235	250114573.2495	19999999.875	13940446.393
535.002939939499	250114573.24875	20000000.221	13929818.59
536.001342058182	250114573.25175	20000000.1370001	13929935.668
536.999742984772	250114573.249	20000000.2459999	13940674.469
537.998145103455	250114573.25025	19999999.281	13964282.57
538.996546983719	250114573.2495	19999999.92	13990087.499
539.994949102402	250114573.2505	20000000.454	14019594.24
541.008949995041	250114573.24975	19999999.5880001	14055732.06
542.007352113724	250114573.2505	20000000.6769999	14088004.048
543.005753993988	250114573.24925	19999999.2470001	14118635.803
544.004156112671	250114573.25025	19999999.7919999	14145725.486
545.002557039261	250114573.2495	20000000.952	14166563.789
546.000959157944	250114573.25075	20000000.762	14177829.016
546.999361038208	250114573.2505	20000000.0930001	14173065.21
547.997763156891	250114573.2495	19999998.595	14157764.693
548.996164083481	250114573.2505	19999999.729	14133511.2140001
549.994565963745	250114573.24975	20000000.487	14097318.883
551.008568048477	250114573.24975	19999999.776	14048442.107
552.00697016716	250114573.25025	19999999.523	13985584.666
553.00537109375	250114573.25025	20000000.1949999	13910667.99
554.003772974014	250114573.25	19999999.809	13830757.533
555.002175092697	250114573.24925	20000000.5930001	13750959
556.000576972961	250114573.24975	20000000.4139999	13675606.514
556.998979091644	250114573.251	19999999.427	13612424.052
557.997380018234	250114573.24875	20000001.245	13562029.177
558.995782136917	250114573.251	19999998.136	13522965.118
559.994184017181	250114573.25	20000000.984	13488701.561
561.008186101913	250114573.24975	19999999.474	13457001.3150001
562.006587028503	250114573.24975	19999999.629	13430140.169
563.004989147186	250114573.25025	20000001.437	13408519.995
564.003391027451	250114573.24975	19999999.252	13396035.489
565.001793146133	250114573.25075	19999999.847	13398778.702
566.000194072723	250114573.249	20000000.123	13416736.078
566.998595952988	250114573.24975	19999999.709	13444416.721
567.996998071671	250114573.25075	20000000.558	13482253.778
568.995399951935	250114573.2495	19999999.712	13522801.735
570.009401082993	250114573.2505	20000000.997	13561699.383
571.007802963257	250114573.24975	19999998.698	13601651.263
572.00620508194	250114573.25025	20000000.48	13635949.099
573.004606962204	250114573.2505	19999999.935	13659863.7820001
574.003008127213	250114573.2495	19999998.971	13672792.806
575.001410007477	250114573.2505	20000001.667	13683600.5319999
575.99981212616	250114573.249	19999999.512	13692958.4020001
576.998214006424	250114573.2505	20000000.53	13704665.948
577.996614933014	250114573.25	20000000.007	13725037.188
578.995017051697	250114573.24925	19999998.648	13756157.6830001
580.009019136429	250114573.25025	20000000.039	13798083.2589999
581.007421016693	250114573.2495	20000000.479	13845802.4450001
582.005821943283	250114573.25075	19999999.713	13897496.5599999
583.004224061966	250114573.25025	20000000.534	13948727.209
584.00262594223	250114573.25	19999999.816	13998561.266
585.001028060913	250114573.25075	19999999.023	14048093.849
585.999428987503	250114573.25	20000001.691	14095699.246
586.997831106186	250114573.248	19999999.4510001	14137543.3479999
587.99623298645	250114573.25125	20000000.107	14170685.6390001
588.994635105133	250114573.25	20000000.092	14194682.298
590.008635997772	250114573.25	19999998.992	14208848.5139999
591.007038116455	250114573.2495	20000000.9189999	14217475.233
592.005439996719	250114573.25075	19999999.0660001	14223931.467
593.003842115402	250114573.24975	20000000.5009999	14217635.052
594.002243041992	250114573.2495	19999999.0650001	14202272.75
595.000645160675	250114573.2505	20000000.7819999	14176798.6539999
595.999047040939	250114573.24975	19999999.665	14142424.11
596.997449159622	250114573.25025	19999999.449	14099764.1620001
597.995851039886	250114573.24975	20000001.1520001	14054847.63
599.009851932526	250114573.25	20000000.061	14012752.0599999
600.008254051209	250114573.25025	19999999.972	13978613.1520001
601.006655931473	250114573.25	19999999.99	13959892.079
602.005058050156	250114573.24975	19999999.646	13954280.831
603.003458976746	250114573.25	19999999.5029999	13959336.054
604.001861095428	250114573.24975	20000001.475	13970018.42
605.000262975693	250114573.2505	19999999.8250001	13992443.393
605.998665094376	250114573.2495	19999999.975	14024325.05
606.997066020966	250114573.251	19999999.591	14059465.982
607.995468139648	250114573.249	20000000.91	14097997.489
609.009469985962	250114573.2505	19999999.1420001	14133055.774
610.007872104645	250114573.25	19999999.66	14165898.274
611.006273031235	250114573.25	19999999.395	14201886.363
612.004675149918	250114573.25025	20000001.264	14247260.176
613.003077030182	250114573.25025	19999999.66	14297439.383
614.001479148865	250114573.24875	19999999.683	14345930.262
614.999880075455	250114573.2515	19999999.198	14396830.05
615.998281955719	250114573.2485	20000001.772	14442857.865
616.996684074402	250114573.2505	19999998.551	14480377.856
617.995085954666	250114573.2495	20000000.215	14508930.32
619.009087085724	250114573.25025	20000000.544	14528557.887
620.007488965988	250114573.251	19999998.957	14543575.383
621.005891084671	250114573.24925	20000001.424	14554296.211
622.004292964935	250114573.25	19999999.27	14564865.243
623.002694129944	250114573.2505	20000000.586	14572741.229
624.001096010208	250114573.2495	19999999.105	14586589.332
624.999498128891	250114573.2505	20000000.836	14607565.753
625.997900009155	250114573.24975	19999999.437	14636509.255
626.996300935745	250114573.2495	20000000.292	14664420.452
628.010303020477	250114573.25025	20000000.138	14696184.607
629.00870513916	250114573.25025	19999999.536	14727273.055
630.007107019424	250114573.249	19999999.385	14758985.248
631.005507946014	250114573.251	20000001.231	14788110.33
632.003910064697	250114573.25	19999998.974	14806634.154
633.002311944962	250114573.25	20000001.15	14813962.412
634.000714063644	250114573.24975	19999999.565	14810548.9450001
634.999115943909	250114573.251	19999999.866	14798512.392
635.997517108917	250114573.249	19999999.739	14786925.197
636.995918989182	250114573.24975	20000000.2029999	14774775.046
638.009921073914	250114573.2505	20000000.141	14768208.613
639.008322954178	250114573.25	19999999.983	14763818.49
640.006724119186	250114573.24975	19999999.864	14769370.621
641.005125999451	250114573.25025	20000000.237	14781238.394
642.003528118134	250114573.2495	20000000.372	14796029.087
643.001929998398	250114573.25	19999999.6900001	14816648.712
644.000331163406	250114573.251	19999999.642	14844378.437
644.998733043671	250114573.24925	19999999.758	14882388.515
645.997135162354	250114573.25	20000000.265	14923738.262
646.995537042618	250114573.25025	20000000.0830001	14969889.092
648.009537935257	250114573.24975	20000000.387	15016645.9660001
649.00794005394	250114573.25025	19999998.874	15060958.8379999
650.006341934204	250114573.25025	20000000.554	15112935.344
651.004744052887	250114573.25	19999999.819	15170456.4450001
652.003144979477	250114573.24925	19999999.853	15230493.072
653.00154709816	250114573.2505	20000000.2939999	15292640.52
653.999948978424	250114573.25	20000001.8210001	15351993.279
654.998351097107	250114573.25025	19999999.02	15407895.864
655.996752023697	250114573.25025	19999999.4499999	15457637.852
656.99515414238	250114573.2505	19999999.9400001	15503968.567
658.009155988693	250114573.24925	20000001.221	15543222.8529999
659.007558107376	250114573.24925	19999999.171	15573530.946
660.005959033966	250114573.25025	20000000.306	15592299.261
661.004361152649	250114573.25	19999999.997	15602594.517
662.002763032913	250114573.25075	19999999.774	15606166.4200001
663.001165151596	250114573.2495	20000000.133	15603514.079
663.999566078186	250114573.2495	20000000.736	15587673.063
664.99796795845	250114573.2505	19999998.064	15559709.942
665.996370077133	250114573.2505	20000001.08	15525349.919
667.010372161865	250114573.249	20000000.779	15493407.17
668.008773088455	250114573.25025	19999999.661	15467139.372
669.007174968719	250114573.25025	19999999.171	15449926.6520001
670.005577087402	250114573.25025	20000000.453	15449497.1819999
671.003978967667	250114573.24975	19999998.48	15462505.011
672.002380132675	250114573.251	19999999.86	15493725.633
673.000782012939	250114573.24825	20000000.596	15540566.138
673.999184131622	250114573.25125	20000001.085	15596222.918
674.997586011887	250114573.24925	19999998.951	15653518.59
675.995988130569	250114573.25025	20000000.986	15711504.895
677.009989023209	250114573.24975	19999999.676	15774596.4859999
678.008391141891	250114573.25	19999999.884	15831956.4860001
679.006793022156	250114573.25	20000000.249	15885877.528
680.005195140839	250114573.25075	20000000.017	15940191.745
681.003596067429	250114573.2495	19999999.555	15994102.39
682.001997947693	250114573.24975	19999999.635	16045163.325
683.000400066376	250114573.25025	20000000.497	16092237.102
683.99880194664	250114573.25025	19999999.929	16137562.246
684.997203111649	250114573.24925	20000000.649	16188001.665
685.995604991913	250114573.25025	19999999.967	16243197.046
687.009607076645	250114573.25025	19999999.323	16299980.288
688.008008956909	250114573.25	19999999.659	16356473.177
689.006410121918	250114573.24975	20000000.812	16403616.312
690.004812002182	250114573.25	19999999.224	16438738.597
691.003214120865	250114573.24975	20000001.0139999	16460552.594
692.001616001129	250114573.25025	19999999.234	16470075.795
693.000017166138	250114573.2505	20000001.046	16469287.052
693.998419046402	250114573.24925	19999999.602	16464830.928
694.996821165085	250114573.24975	20000000.156	16458363.609
696.010823011398	250114573.25025	19999999.459	16452162.891
697.009223937988	250114573.2505	20000000.002	16441776.192
698.007626056671	250114573.24975	19999999.707	16433380.352
699.006027936935	250114573.2505	20000001.3510001	16426409.048
700.004430055618	250114573.24975	19999999.311	16416335.894
701.002830982208	250114573.25	19999999.721	16399894.748
702.001233100891	250114573.25025	19999999.415	16380642.019
702.999634981155	250114573.2495	20000000.355	16363554.128
703.998037099838	250114573.24975	20000000.9200001	16348745.655
704.996438026428	250114573.25025	19999999.18	16336166.668
706.01044011116	250114573.25025	19999999.771	16328530.577
707.008841991425	250114573.2495	19999999.647	16326877.8649999
708.007244110107	250114573.25	19999999.4660001	16332178.793
709.005645036697	250114573.2505	20000001.9219999	16348841.898
710.00404715538	250114573.2495	19999999.523	16375056.839
711.002449035645	250114573.2505	20000000.038	16414027.6849999
712.000851154327	250114573.25	19999999.067	16460090.381
712.999253034592	250114573.2495	20000001.033	16510908.393
713.997653961182	250114573.25025	19999998.813	16560273.629
714.996056079865	250114573.25	20000000.385	16599749.8620001
716.010058164597	250114573.25075	20000000.1	16631221.272
717.008460044861	250114573.25	20000000.4170001	16647115.057
718.006860971451	250114573.25	19999999.955	16650582.67
719.005263090134	250114573.249	19999999.506	16646109.707
