#Menlo Systems GmbH 2009 - Comb Watch v0.9.6
#Measurement from 23.3.2021.
#Begin of the measurement: 15:26:02, 55562 sec after midnight.
#Add 803219162 to get the time since 0:00 of 10th Oct. 1995 = MJD 50000 in seconds.
#
#C0:	timestamp
#C1:	reprate.freq	The actual repetition rate of the comb (calculated from counter0)	Hz
#C2:	offset.freq	Offset beat frequency (see counter1)	Hz	20000000	10
#C3:	counter2.freq	Counter channel 2 frequency	Hz
#
#S0:	4
#Statistics settings
#S1:	250405940	0.005
#S2:	20000000	10
#S3:	#
#
#timestamp	#reprate.freq	#offset.freq	#counter2.freq
0	250405940.00075	19999999.6229999	41961999.361
0.998402118682861	250405939.99975	19999999.8890001	41991161.533
1.99680399894714	250405939.9995	20000000.4449999	42022574.539
2.99520611763	250405940.00125	20000000.529	42058310.198
3.99360704421997	250405939.998	19999999.232	42099521.581
4.99200892448425	250405940.0015	20000000.25	42146809.482
5.99041104316711	250405940.0005	19999999.485	42197048.253
6.9888129234314	250405939.99925	20000000.184	42247905.528
7.98721408843994	250405940	20000000.716	42293245.4679999
9.00121593475342	250405939.9995	19999999.36	42338608.53
9.99961805343628	250405939.99975	20000001.442	42382192.562
10.9980199337006	250405940.00025	19999999.416	42424801.3740001
11.9964210987091	250405940.00025	19999999.598	42458180.0639999
12.9948229789734	250405940.00075	19999999.618	42481925.6620001
13.9932250976563	250405939.999	19999999.636	42500326.781
14.9916269779205	250405940.0015	19999999.773	42515081.818
15.9900290966034	250405939.99925	20000000.26	42522524.5270001
16.9884300231934	250405939.9985	20000000.705	42523021.7859999
17.9868319034576	250405939.99975	19999999.997	42521611.814
19.0008339881897	250405940.001	20000000.664	42517238.755
19.9992361068726	250405939.99975	19999999.504	42511587.183
20.9976370334625	250405940	19999999.884	42507212.006
21.9960389137268	250405940.00075	19999999.611	42505429.373
22.9944410324097	250405939.99975	20000001.512	42502168.529
23.992842912674	250405939.99975	19999998.231	42493477.269
24.9912440776825	250405940.00075	20000000.22	42479227.917
25.9896459579468	250405939.99925	20000000.396	42459720.419
26.9880480766296	250405940.00075	20000000.442	42442127.803
27.9864499568939	250405939.99975	19999999.017	42428647.602
29.0004510879517	250405940.00025	20000000.2080001	42418205.903
29.9988529682159	250405940	19999999.6289999	42414875.314
30.9972550868988	250405939.99925	20000000.649	42417178.4590001
31.9956569671631	250405940.00025	19999999.92	42428425.197
32.9940581321716	250405940	20000000.59	42443016.665
33.9924600124359	250405940	19999999.199	42456031.285
34.9908621311188	250405940.00025	19999999.518	42462313.437
35.9892640113831	250405939.9995	20000002.314	42458019.794
36.987664937973	250405939.99975	19999997.7709999	42435311.1049999
38.0016670227051	250405940.0005	20000000.594	42398870.049
39.0000689029694	250405939.99975	19999999.2750001	42346479.4150001
39.9984710216522	250405940	20000000.206	42286575.676
40.9968719482422	250405940.00075	20000000.507	42222668.724
41.995274066925	250405939.99975	20000000.029	42156619.495
42.9936759471893	250405939.99975	19999999.323	42095859.396
43.9920780658722	250405940	19999999.6190001	42039841.41
44.9904789924622	250405940	20000001.663	41995568.523
45.988881111145	250405940.0005	19999999.768	41964711.604
46.9872829914093	250405940	19999998.767	41940831.543
48.0012850761414	250405939.999	20000000.7689999	41916773.5
48.9996860027313	250405940.0005	20000001.6370001	41889280.757
49.9980881214142	250405939.99975	19999999.046	41853529.092
50.9964900016785	250405940.00025	20000000.1309999	41808509.602
51.9948921203613	250405939.9995	19999999.669	41754862.993
52.9932940006256	250405940.0005	19999999.551	41704142.74
53.9916949272156	250405939.99975	20000000.656	41655806.311
54.9900970458984	250405939.99975	19999998.14	41616405.81
55.9884989261627	250405940.00025	20000002.1440001	41582054.384
56.9869010448456	250405939.99975	19999999.566	41551296.148
58.0009019374847	250405940.00075	19999999.336	41521659.876
58.9993040561676	250405939.99975	20000000.595	41492388.971
59.9977059364319	250405939.99925	20000000.557	41458177.904
60.9961080551147	250405940.001	19999998.244	41421278.257
61.9945089817047	250405939.9995	20000001.01	41382787.5979999
62.9929111003876	250405940.00075	19999999.899	41343859.819
63.9913129806519	250405939.99875	20000000.411	41301988.1350001
64.9897150993347	250405940.00025	19999999.86	41259446.8559999
65.9881160259247	250405940.00075	20000000.137	41215339.75
67.0021181106567	250405940	20000000.021	41166265.351
68.000519990921	250405939.99975	19999998.455	41112160.8310001
68.9989221096039	250405939.9995	20000000.785	41045875.459
69.9973230361938	250405940.0005	20000000.8279999	40972082.417
70.9957249164581	250405940.0005	19999999.206	40887948.797
71.994127035141	250405939.999	20000000.275	40797885.895
72.9925289154053	250405940	19999999.899	40708635.272
73.9909300804138	250405940.00075	20000000.142	40624826.536
74.9893319606781	250405940.00025	20000000.633	40538362.113
75.987734079361	250405939.99925	19999999.381	40449355.369
77.0017359256744	250405940.00025	19999999.64	40349825.243
78.000137090683	250405939.99975	20000001.057	40242376.372
78.9985389709473	250405939.99975	19999999.236	40130961.165
79.9969410896301	250405940.00075	20000000.11	40018217.695
80.9953429698944	250405940.001	19999999.7460001	39909249.907
81.993744134903	250405939.9995	20000000.596	39799751.2909999
82.9921460151672	250405939.99925	19999999.593	39693283.7600001
83.9905481338501	250405940	19999999.8480001	39585408.428
84.9889500141144	250405939.9995	20000000.48	39476351.207
85.9873509407043	250405940.00025	19999999.874	39360808.117
87.0013530254364	250405939.99975	19999999.895	39247568.0289999
87.9997549057007	250405940.00075	19999998.34	39133489.294
88.9981570243835	250405939.999	20000002.554	39019801.854
89.9965579509735	250405940.00075	19999998.5239999	38916243.0890001
90.9949600696564	250405940	20000000.9120001	38821868.4929999
91.9933619499207	250405939.99975	20000000.041	38733410.482
92.9917640686035	250405940.0005	19999999.439	38652786.3030001
93.9901659488678	250405940	20000000.54	38580485.032
94.9885671138763	250405940.00025	19999999.636	38512826.036
96.0025689601898	250405940.00025	19999999.38	38451006.1949999
97.0009710788727	250405939.99875	19999999.609	38389485.092
97.999372959137	250405940.0005	20000002.147	38337050.756
98.9977741241455	250405940.00025	19999998.7470001	38295432.395
99.9961760044098	250405939.9995	19999999.061	38264517.304
100.994578123093	250405939.99975	20000000.668	38240732.767
101.992980003357	250405940.00025	20000000.528	38230195.407
102.991380929947	250405940	20000000.099	38232781.641
103.98978304863	250405940.00025	19999998.235	38248626.655
104.988184928894	250405940	20000001.233	38271539.381
106.002187013626	250405940.00025	20000000.42	38306707.411
107.000587940216	250405939.9995	19999999.748	38350084.99
107.998990058899	250405940.00075	20000000.038	38405220.805
108.997391939163	250405940.00075	19999999.47	38471171.591
109.995794057846	250405939.99875	20000000.709	38548068.349
110.994194984436	250405940	20000000.882	38635999.7410001
111.992597103119	250405939.99975	20000000.118	38730397.9089999
112.990998983383	250405939.9995	19999998.744	38832395.589
113.989401102066	250405940.00125	20000000.312	38931220.205
114.987802028656	250405940.00075	19999999.959	39020118.373
116.001804113388	250405939.99925	20000000.222	39099378.852
117.000205993652	250405939.99975	19999999.082	39169389.548
117.998608112335	250405940.00025	20000000.896	39231223.136
118.997009038925	250405940	19999998.284	39282053.4549999
119.995410919189	250405939.9995	20000001.755	39327053.0350001
120.993813037872	250405940.00025	19999999.29	39382844.678
121.992214918137	250405939.99975	20000000.66	39469108.199
122.990616083145	250405939.99975	19999998.849	39592645.73
123.989017963409	250405940.00075	20000000.654	39753889.5749999
125.003020048141	250405939.999	20000000.152	39949503.342
126.001421928406	250405940.0005	20000000.119	40170353.821
126.999823093414	250405940.0005	19999999.657	40410801.661
127.998224973679	250405940	19999999.433	40662069.989
128.996627092361	250405939.9995	20000000.505	40915669.845
129.995028972626	250405940	19999999.102	41170418.014
130.993431091309	250405939.99975	20000001.023	41420432.118
131.991832017899	250405940.0005	19999999.404	41660223.661
132.990234136581	250405940	20000000.925	41883976.703
133.988636016846	250405939.99925	19999999.761	42087101.943
135.002638101578	250405939.99975	19999999.52	42265212.668
136.001039028168	250405940.0005	19999999.5469999	42421789.448
136.999440908432	250405939.99975	20000000.82	42556186.842
137.997843027115	250405940.0005	20000000.046	42667642.76
138.996244907379	250405940.0005	20000000.186	42759581.681
139.994646072388	250405939.9995	19999998.533	42832645.809
140.993047952652	250405939.99975	20000002.3710001	42892953.926
141.991450071335	250405940.00025	19999998.395	42942780.048
142.989851951599	250405939.9995	19999999.818	42977434.443
143.988253116608	250405940.00025	20000000.09	42998669.6500001
145.002254962921	250405940.00025	20000000.372	43003958.1979999
146.000657081604	250405939.9995	19999999.166	42989930.255
146.999058961868	250405940	20000001.694	42958243.604
147.997460126877	250405940.001	19999999.656	42909589.2690001
148.995862007141	250405939.99975	19999999.72	42842668.967
149.994264125824	250405939.99975	20000000.283	42759473.575
150.992666006088	250405940	19999999.3759999	42663269.95
151.991066932678	250405940	20000000.207	42565965.019
152.989469051361	250405939.99925	20000000.541	42477024.444
153.987870931625	250405940.0015	19999999.932	42403706.091
155.001873016357	250405939.999	19999998.499	42345123.889
156.000273942947	250405940.00025	20000001.23	42304067.25
156.99867606163	250405939.99975	20000000.239	42277959.998
157.997077941895	250405940.00025	19999998.495	42262889.959
158.995480060577	250405940.00075	20000001.306	42251406.284
159.993880987167	250405939.998	19999999.756	42241694.156
160.99228310585	250405940.001	20000000.556	42232514.536
161.990684986115	250405940	19999998.416	42223751.12
162.989087104797	250405940	20000000.701	42217823.0960001
164.003087997437	250405940.0005	20000000.777	42211818.232
165.001490116119	250405939.99975	19999999.327	42210277.958
165.999891996384	250405939.99975	20000000.871	42211495.3920001
166.998294115067	250405940.00075	19999999.975	42222130.5949999
167.996695041656	250405939.99925	19999998.378	42230301.643
168.995096921921	250405939.9995	20000001.663	42234927.028
169.993499040604	250405940.00125	19999999.234	42236121.4610001
170.991900920868	250405939.9995	20000000.116	42236566.2539999
171.990303039551	250405939.99975	19999999.202	42245725.756
172.988703966141	250405940.0005	20000000.73	42259939.702
174.002706050873	250405939.9995	20000000.275	42278520.655
175.001107931137	250405940.00025	19999999.628	42303625.743
175.99951004982	250405940	20000000.489	42338660.61
176.99791097641	250405939.9995	19999999.683	42378225.375
177.996313095093	250405940.0005	20000001.494	42418235.466
178.994714975357	250405939.99975	19999998.647	42456457.215
179.99311709404	250405940.0005	19999999.632	42491556.073
180.99151802063	250405939.999	20000000.8390001	42521118.735
181.989919900894	250405939.99975	20000000.329	42547232.572
182.988322019577	250405940.002	19999998.697	42573782.079
184.002324104309	250405939.99875	20000000.461	42602990.096
185.000725030899	250405939.99925	20000000.398	42633767.532
185.999126911163	250405940.00175	20000000.194	42661810.298
186.997529029846	250405940	19999999.613	42690208.52
187.99593091011	250405939.999	20000001.201	42714983.594
188.994332075119	250405940	19999998.118	42728141.577
189.992733955383	250405940.0005	20000000.238	42727710.37
190.991136074066	250405940	20000001.041	42718411.7759999
191.98953795433	250405939.99975	19999998.812	42701330.2190001
193.003539085388	250405940	19999999.6109999	42679391.188
194.001940965652	250405940	20000001.115	42656773.851
195.000343084335	250405940.00025	19999999.5880001	42638572.9610001
195.9987449646	250405939.99975	20000000.418	42626840.829
196.997146129608	250405940.00025	19999998.6079999	42619811.2509999
197.995548009872	250405940	20000000.613	42615030.521
198.993950128555	250405939.99925	20000001.503	42610473.729
199.99235200882	250405940.0005	19999998.5010001	42602618.814
200.99075293541	250405940	20000001.5899999	42589109.985
201.989155054092	250405940	19999999.061	42573480.763
203.003156900406	250405939.99975	19999999.5730001	42556352.944
204.001559019089	250405940.00075	20000000.697	42540070.209
204.999959945679	250405939.9995	20000000.5079999	42529369.888
205.998362064362	250405940.00075	19999999.2140001	42528755.61
206.996763944626	250405939.99975	20000000.1099999	42533155.259
207.995166063309	250405939.99975	19999999.5070001	42546473.82
208.993567943573	250405939.9995	19999999.627	42563801.415
209.991969108582	250405940.00075	20000000.5779999	42581369.9
210.990370988846	250405940	19999999.778	42594971.367
211.988773107529	250405939.99925	20000000.702	42599826.528
213.002774953842	250405939.99975	19999998.308	42600608.999
214.001176118851	250405940.001	20000001.2360001	42592565.416
214.999577999115	250405939.99925	20000001.481	42577943.419
215.997980117798	250405940	19999998.8030001	42559730.778
216.996381998062	250405940.0005	19999999.8039999	42537321.7969999
217.994782924652	250405939.999	19999999.335	42514206.033
218.993185043335	250405940.00075	20000000.007	42489964.8690001
219.991586923599	250405939.99925	20000000.822	42460303.374
220.989989042282	250405940.001	19999998.449	42433453.699
222.003989934921	250405939.99975	20000000.662	42406841.804
223.002392053604	250405940.00075	20000001.151	42376065.474
224.000793933868	250405939.99925	20000000.182	42342468.192
224.999196052551	250405939.9995	19999999.845	42302508.2839999
225.997596979141	250405940.00075	19999999.637	42251283.845
226.995999097824	250405939.9995	19999999.376	42187516.952
227.994400978088	250405940	20000000.378	42119724.699
228.992803096771	250405940.0005	20000000.593	42048379.108
229.991204023361	250405939.9995	19999998.854	41983987.983
230.989605903625	250405940	20000000.409	41928220.914
232.003607988358	250405940.001	20000000.317	41875777.928
233.00201010704	250405939.99925	20000000.0499999	41825217.725
234.00041103363	250405940	19999999.951	41763756.107
234.998812913895	250405939.99975	19999998.73	41679483.554
235.997215032578	250405939.99975	20000001.384	41566975.869
236.995616912842	250405940	19999999.4130001	41435985.375
237.99401807785	250405940.00025	20000000.833	41294447.254
238.992419958115	250405940	20000000.422	41152314.489
239.990822076797	250405940.00075	19999998.696	41016153.819
240.989223957062	250405939.99925	20000001.706	40890354.344
242.00322508812	250405940.0005	19999999.113	40785112.6470001
243.001626968384	250405940.00025	19999999.94	40698758.642
244.000029087067	250405939.99925	19999999.604	40634889.449
244.998430967331	250405940.00075	19999999.632	40587768.5649999
245.996832132339	250405939.99975	20000000.858	40553636.2850001
246.995234012604	250405939.999	19999998.601	40527131.55
247.993636131287	250405940.0005	20000001.216	40501410.517
248.992038011551	250405940.0005	20000000.207	40470476.1110001
249.990440130234	250405939.9995	19999998.1	40432792.5779999
251.004441022873	250405940.00025	20000001.293	40398077.576
252.002842903137	250405940.00025	20000000.52	40369864.611
253.00124502182	250405940	19999999.536	40349043.325
253.999646902084	250405939.99975	20000000.3640001	40335747.541
254.998048067093	250405940	19999999.7659999	40330734.201
255.996449947357	250405939.99925	19999999.373	40329470.674
256.99485206604	250405940.00025	20000000.89	40332589.541
257.993253946304	250405940.00025	19999999.281	40341705.946
258.991655111313	250405940.00075	19999999.603	40356775.151
259.990056991577	250405940	20000001.602	40373017.427
261.004059076309	250405940.0005	19999998.653	40384445.796
262.002460956573	250405939.9995	20000000.951	40387001.354
263.000862121582	250405940.00025	19999999.2359999	40379135.558
263.999264001846	250405939.99825	20000000.209	40358769.2
264.997666120529	250405940.0005	19999999.3310001	40322799.1950001
265.996068000793	250405940	20000001.8939999	40275218.508
266.994468927383	250405940	19999998.822	40223949.1479999
267.992871046066	250405940.00075	20000000.6	40170872.7600001
268.991272926331	250405939.99975	20000000.3789999	40117587.8299999
269.989675045013	250405940	20000000.306	40068941.6950001
271.003675937653	250405940.00025	19999999.541	40027169.952
272.002078056335	250405940	19999998.231	39999518.916
273.0004799366	250405939.9995	20000001.552	39987163.2449999
273.998882055283	250405940.00025	19999999.327	39990660.781
274.997282981873	250405940.0015	19999999.883	40007668.582
275.995685100555	250405939.9975	20000001.018	40033296.807
276.99408698082	250405940.00075	19999999.402	40066644.03
277.992489099503	250405940.0005	19999999.612	40097995.525
278.990890026093	250405940	19999999.227	40126735.722
280.004892110825	250405939.999	20000001.709	40149233.902
281.003293991089	250405940.00075	19999998.913	40168049.031
282.001696109772	250405939.9995	20000000.049	40185899.645
283.000097036362	250405940.0005	19999999.626	40200701.607
283.998498916626	250405939.9995	20000002.199	40212719.636
284.996901035309	250405940.00075	19999998.822	40226266.428
285.995302915573	250405940	19999998.865	40238651.681
286.993705034256	250405940	20000000.007	40251793.744
287.992105960846	250405940	20000000.203	40260128.409
288.990508079529	250405939.99975	19999999.84	40265681.5190001
290.004509925842	250405940.00025	20000001.666	40269987.873
291.002912044525	250405940	19999999.094	40277580.1950001
292.001312971115	250405939.99925	20000001.0380001	40284647.2889999
292.999715089798	250405940	19999998.4069999	40293402.7340001
293.998116970062	250405940.0005	20000000.49	40301083.9849999
294.996519088745	250405940	20000000.042	40307962.4030001
295.994920015335	250405939.99975	19999999.481	40318201.9059999
296.993322134018	250405940	20000000.674	40330912.686
297.991724014282	250405940.00075	19999999.4150001	40340365.5070001
298.990126132965	250405939.9995	20000001.1769999	40347094.9419999
300.004127025604	250405940	19999999.505	40359786.268
301.002528905869	250405940	20000001.077	40371842.0140001
302.000931024551	250405940	19999998.8760001	40384910
302.999332904816	250405939.99925	20000000.4629999	40400244.2229999
303.997734069824	250405940.00125	19999998.867	40416748.08
304.996135950089	250405939.99925	20000000.664	40431346.722
305.994538068771	250405940.001	20000000.819	40445764.46
306.992939949036	250405939.99875	19999999.7210001	40467490.25
307.991341114044	250405940.0005	19999999.499	40500027.035
309.005342960358	250405940.0005	19999998.275	40539210.409
310.003745079041	250405940.00025	20000001.443	40576967.281
311.002146959305	250405939.99975	19999999.8390001	40619160.029
312.000548124313	250405939.999	20000000.8269999	40651757.789
312.998950004578	250405940.00075	19999999.9660001	40676104.868
313.997352123261	250405939.9995	19999999.7029999	40692568.29
314.995754003525	250405940	19999998.946	40704449.195
315.994154930115	250405940.00025	20000000.962	40715941.613
316.992557048798	250405939.99925	19999999.248	40725050.804
317.990958929062	250405940.00025	20000000.614	40728105.8229999
319.004961013794	250405940.00075	20000000.227	40725701.8850001
320.003361940384	250405939.99975	20000000.618	40711974.3909999
321.001764059067	250405940.00025	19999999.461	40694638.85
322.000165939331	250405940	19999999.602	40671253.694
322.998568058014	250405939.99925	19999999.75	40644587.153
323.996968984604	250405940.00075	20000000.9150001	40617527.7360001
324.995371103287	250405939.99925	19999999.338	40589554.219
325.993772983551	250405940	19999999.68	40561002.321
326.992175102234	250405940.00025	20000000.357	40530516.915
327.990576982498	250405940	20000000.458	40496656.549
329.004578113556	250405940	19999998.677	40459707.8710001
330.00297999382	250405940.0005	20000000.395	40418975.0669999
331.001382112503	250405939.99975	20000000.213	40377645.7770001
331.999783992767	250405939.9995	19999999.88	40332818.316
332.998184919357	250405940.00075	20000001.408	40288832.368
333.99658703804	250405939.99975	19999998.494	40246259.821
334.994988918304	250405940	20000000.659	40207693.492
335.993391036987	250405940.00075	20000000.789	40182145.749
336.991791963577	250405939.9985	19999999.655	40170945.614
337.99019408226	250405940.00075	19999998.866	40172025.583
339.004195928574	250405940	20000000.627	40179776.145
340.002598047256	250405940	19999999.026	40194679.058
341.000998973846	250405939.99925	20000001.275	40216254.726
341.999401092529	250405940.00075	20000000.076	40246691.773
342.997802972794	250405940	19999999.443	40285774.344
343.996205091476	250405939.99975	19999999.451	40332346.59
344.994606018066	250405940.00025	20000001.738	40384204.637
345.993007898331	250405939.9995	19999998.837	40441668.327
346.991410017014	250405940	20000000.864	40496440.2459999
348.005412101746	250405940.0005	19999998.982	40544086.411
349.003813028336	250405939.9995	20000000.934	40581466.421
350.0022149086	250405940.00025	19999999.157	40609385.546
351.000617027283	250405940	20000000.383	40626434.373
351.999018907547	250405939.99975	19999999.654	40632637.086
352.997420072556	250405939.99975	20000000.2589999	40623373.798
353.99582195282	250405940.00125	19999999.888	40607634.253
354.994224071503	250405940.0005	19999999.7490001	40583535.352
355.992625951767	250405939.99925	20000000.6389999	40553737.628
356.991027116776	250405939.99975	20000000.031	40523422.2280001
358.005028963089	250405939.99975	19999999.5699999	40484586.402
359.003431081772	250405940.00025	20000000.9020001	40442500.005
360.001832962036	250405939.9995	19999998.187	40398480.23
361.000234127045	250405940.00075	20000001.39	40353318.51
361.998636007309	250405939.9995	19999999.5669999	40311984.816
362.997038125992	250405940.0005	20000000.0650001	40277916.836
363.995440006256	250405940	19999999.331	40256696.238
364.993842124939	250405939.99925	20000002.079	40247687.774
365.992243051529	250405940.00075	19999997.783	40246298.54
366.990644931793	250405939.9995	20000000.288	40248396.146
368.004647016525	250405940.00075	19999999.478	40247412.8
369.003049135208	250405939.999	20000001.25	40234165.851
370.001450061798	250405940.00025	19999999.658	40206260.338
370.999851942062	250405940.0015	19999999.936	40157499.5140001
371.998254060745	250405939.999	20000000.1700001	40094329.25
372.99665594101	250405939.99925	19999999.0359999	40018758.083
373.995057106018	250405940.00075	20000000.6140001	39936885.65
374.993458986282	250405940.0005	19999999.1719999	39858471.8110001
375.991861104965	250405939.9995	20000001.166	39785687.1209999
377.005862951279	250405940.00025	19999999.877	39721325.176
378.004264116287	250405939.99875	20000001.154	39667116.656
379.002665996552	250405940.00125	19999997.624	39623843.527
380.001068115234	250405939.9995	20000001.226	39588544.656
380.999469995499	250405940.00025	20000000.066	39559107.357
381.997870922089	250405939.99925	19999998.809	39531971.355
382.996273040771	250405939.99975	20000001.021	39502272.9120001
383.994674921036	250405940.00025	19999999.567	39471058.5139999
384.993077039719	250405940.00075	20000000.235	39444929.652
385.991477966309	250405939.99875	20000000.242	39424984.531
387.005480051041	250405940.00075	20000000.433	39412083.185
388.003881931305	250405940	19999999.441	39402946.638
389.002284049988	250405939.99975	20000000.454	39394624.435
390.000684976578	250405940.00075	19999999.446	39380581.841
390.999087095261	250405939.99975	20000000.432	39358641.529
391.997488975525	250405940	20000000.619	39329432.897
392.995891094208	250405939.99975	19999999.675	39293103.1
393.994292020798	250405939.99975	19999999.615	39242055.79
