#Menlo Systems GmbH 2009 - Comb Watch v0.9.6
#Measurement from 27.4.2021.
#Begin of the measurement: 17:49:57, 64197 sec after midnight.
#Add 806251797 to get the time since 0:00 of 10th Oct. 1995 = MJD 50000 in seconds.
#
#C0:	timestamp
#C1:	reprate.freq	The actual repetition rate of the comb (calculated from counter0)	Hz
#C2:	offset.freq	Offset beat frequency (see counter1)	Hz	20000000	10
#C3:	counter2.freq	Counter channel 2 frequency	Hz
#C4:	counter2.signal	Signal strength of counter channel 2 input	V
#
#S0:	4
#Statistics settings
#S1:	250002955.75	0.005
#S2:	20000000	10
#S3:	#
#S4:	#
#
#timestamp	#reprate.freq	#offset.freq	#counter2.freq	#counter2.signal
0	250002955.74975	20000002.349	15724542.442	0.348511
0.998402118682861	250002955.75	19999999.317	15725764.773	0.34729
2.01240420341492	250002955.74975	20000001.521	15729566.784	0.343628
3.01080513000488	250002955.74975	20000002.667	15715634.411	0.347901
4.00920701026917	250002955.7505	19999999.43	15720768.528	0.348511
5.00760912895203	250002955.74925	20000003.842	15717959.781	0.355225
6.00601100921631	250002955.75	20000002.752	15709354.747	0.351563
7.00441217422485	250002955.751	19999999.3789999	15709529.036	0.350952
8.00281405448914	250002955.75025	20000000.916	15711254.42	0.349732
9.001216173172	250002955.74925	20000001.031	15711726.463	0.349121
9.99961805343628	250002955.7495	19999999.427	15695719.075	0.34668
11.013619184494	250002955.7505	20000000.729	15713909.924	0.348511
12.0120210647583	250002955.75025	20000001.18	15714299.111	0.346069
13.0104231834412	250002955.75	20000001.081	15708413.019	0.352783
14.0088250637054	250002955.75	20000000.515	15719870.266	0.34668
15.0072259902954	250002955.7495	20000000.9120001	15710017.618	0.349732
16.0056281089783	250002955.751	19999999.721	15713379.11	0.349121
17.0040299892426	250002955.7495	20000002.0010001	15702560.224	0.352783
18.0024321079254	250002955.7495	19999999.6329999	15704778.598	0.351563
19.0008330345154	250002955.75075	20000000.4180001	15713270.771	0.347901
19.9992351531982	250002955.74975	20000002.6769999	15696958.801	0.352173
21.0132369995117	250002955.74975	20000000.5	15702724.833	0.352783
22.0116391181946	250002955.7505	20000001.566	15689058.305	0.347901
23.0100409984589	250002955.74975	20000000.426	15694583.23	0.347901
24.0084421634674	250002955.7495	20000001.4840001	15688197.071	0.34668
25.0068440437317	250002955.75	20000003.5259999	15694962.319	0.344849
26.0052461624146	250002955.75	20000001.656	15704663.992	0.348511
27.0036480426788	250002955.75	19999998.358	15701364.8890001	0.34668
28.0020492076874	250002955.75075	20000003.094	15693867.534	0.34729
29.0004510879517	250002955.74975	20000001.104	15693143.8809999	0.34668
29.9988532066345	250002955.74925	20000001.605	15695486.7360001	0.34729
31.012855052948	250002955.75075	20000000.648	15701103.8249999	0.349121
32.0112562179565	250002955.75	20000000.16	15710580.112	0.34668
33.0096580982208	250002955.75025	20000002.046	15696106.158	0.349732
34.0080602169037	250002955.75	20000000.406	15693848.3510001	0.355835
35.006462097168	250002955.74925	19999999.413	15682345.776	0.347901
36.0048630237579	250002955.75	20000000.283	15671307.3199999	0.345459
37.0032651424408	250002955.74975	20000000.2470001	15656511.872	0.352173
38.0016670227051	250002955.751	19999999.596	15670730.6950001	0.349732
39.0000691413879	250002955.7495	20000000.081	15678833.021	0.346069
40.0140700340271	250002955.749	20000000.181	15678449.472	0.350342
41.01247215271	250002955.75125	19999999.382	15664845.3729999	0.348511
42.0108740329742	250002955.75025	20000001.106	15694489.962	0.351563
43.0092761516571	250002955.74925	20000000.059	15683142.049	0.347901
44.0076770782471	250002955.75	20000001.723	15689310.556	0.350952
45.0060791969299	250002955.75025	20000001.919	15720133.0240001	0.348511
46.0044810771942	250002955.75	20000000.259	15709306.439	0.350342
47.0028831958771	250002955.7505	20000003.418	15713925.2179999	0.348511
48.001284122467	250002955.7495	20000002.35	15726352.543	0.346069
48.9996860027313	250002955.75	19999999.272	15730042.7880001	0.348511
50.0136880874634	250002955.75025	20000000.873	15718658.737	0.349121
51.0120902061462	250002955.75	20000000.026	15718434.6049999	0.34729
52.0104911327362	250002955.7495	20000000.054	15732301.2160001	0.349732
53.0088930130005	250002955.7505	20000001.467	15746249.962	0.347901
54.0072951316834	250002955.74925	20000000.914	15741942.382	0.34668
55.0056970119476	250002955.7505	20000004.103	15736423.298	0.344238
56.0040981769562	250002955.75	20000000.918	15729023.6160001	0.34668
57.0025000572205	250002955.74975	19999999.812	15722901.11	0.348511
58.0009021759033	250002955.75075	19999999.439	15752368.262	0.349121
58.9993040561676	250002955.7495	20000003.111	15766192.349	0.349121
60.0133061408997	250002955.75025	20000000.747	15766091.972	0.34729
61.0117070674896	250002955.74975	20000002.399	15760970.208	0.34668
62.0101091861725	250002955.75025	19999999.888	15744300.485	0.34668
63.0085110664368	250002955.7505	20000000.217	15776182.098	0.353394
64.0069131851196	250002955.74925	20000001.098	15758030.607	0.34729
65.0053141117096	250002955.751	20000000.3560001	15743058.545	0.351563
66.0037159919739	250002955.74925	20000001.0539999	15742761.179	0.349121
67.0021181106567	250002955.75025	20000001.8020001	15723695.447	0.348511
68.000519990921	250002955.7495	20000001.122	15717771.919	0.352173
69.0145211219788	250002955.7505	19999999.202	15733260.255	0.347901
70.012923002243	250002955.74975	20000001.6289999	15726257.076	0.346069
71.0113251209259	250002955.74975	20000000.732	15723858.77	0.352173
72.0097270011902	250002955.75	20000002.414	15741760.79	0.349121
73.0081281661987	250002955.74975	20000002.164	15721389.993	0.346069
74.006530046463	250002955.7505	20000000.972	15711412.422	0.349121
75.0049321651459	250002955.75025	20000001.998	15719396.006	0.349121
76.0033340454102	250002955.7495	20000002.1389999	15724766.081	0.34729
77.0017352104187	250002955.7505	20000000.276	15746272.918	0.345459
78.000137090683	250002955.7495	20000001.528	15747491.61	0.348511
79.014139175415	250002955.74975	20000001.49	15725659.585	0.34668
80.0125410556793	250002955.75025	20000000.589	15718793.396	0.351563
81.0109422206879	250002955.7505	20000000.2590001	15719410.138	0.34729
82.0093441009521	250002955.75	20000001.8329999	15724901.078	0.348511
83.007746219635	250002955.74975	19999999.324	15728957.941	0.350952
84.0061480998993	250002955.74975	20000000.4270001	15732400.032	0.347901
85.0045490264893	250002955.74975	19999999.747	15723100.741	0.349121
86.0029511451721	250002955.75025	20000001.1029999	15719287.578	0.344238
87.0013530254364	250002955.75025	20000000.309	15723745.469	0.350342
87.9997551441193	250002955.74975	19999999.8710001	15723645.98	0.346069
89.0137560367584	250002955.75	20000001.981	15719151.678	0.345459
90.0121581554413	250002955.75025	20000000.125	15720811.293	0.349732
91.0105600357056	250002955.75025	20000000.3610001	15745290.693	0.347901
92.0089621543884	250002955.7495	20000001.4679999	15748349.945	0.345459
93.0073630809784	250002955.7505	19999999.389	15744418.638	0.350952
94.0057651996613	250002955.7495	20000002.495	15737701.115	0.352783
95.0041670799255	250002955.74975	20000001.654	15725390.2920001	0.350952
96.0025691986084	250002955.751	19999999.879	15730296.018	0.347901
97.0009701251984	250002955.74975	20000000.668	15736908.6229999	0.349732
98.0149722099304	250002955.74975	19999999.864	15736470.0090001	0.34729
99.0133740901947	250002955.74975	19999999.391	15716182.198	0.346069
100.011776208878	250002955.75025	20000001.725	15727529.482	0.346069
101.010178089142	250002955.74975	19999999.678	15725424.0170001	0.350952
102.008579015732	250002955.75025	20000002.507	15727459.4679999	0.349121
103.006981134415	250002955.75	20000002.031	15733443.966	0.343018
104.005383014679	250002955.74975	20000000.147	15706493.8150001	0.34729
105.003785133362	250002955.74975	20000000.916	15707177.8	0.350342
106.002186059952	250002955.75025	19999999.857	15717680.4460001	0.348511
107.000588178635	250002955.74975	19999998.904	15714702.0159999	0.349732
108.014590024948	250002955.75075	20000000.991	15717012.959	0.352783
109.012992143631	250002955.74975	20000000.587	15716708.019	0.348511
110.011393070221	250002955.74975	19999999.705	15709465.9399999	0.349121
111.009795188904	250002955.74975	20000001.154	15688248.5500001	0.350342
112.008197069168	250002955.75025	20000001.731	15679178.515	0.34729
113.006599187851	250002955.75	20000005.235	15708730.636	0.34729
114.005000114441	250002955.75	20000000.68	15705437.275	0.351563
115.003401994705	250002955.751	20000004.115	15706852.7229999	0.347901
116.001804113388	250002955.7495	20000000.63	15708788.671	0.350342
117.000205993652	250002955.75	19999999.71	15705912.085	0.347901
118.01420712471	250002955.74975	20000000.457	15707049.5779999	0.347901
119.012609004974	250002955.74975	20000004.712	15715860.0240001	0.349732
120.011011123657	250002955.7505	19999999.66	15707281.1060001	0.349121
121.009413003922	250002955.7495	20000001.199	15692741.2459999	0.349732
122.00781416893	250002955.7505	20000000.1980001	15697987.141	0.350952
123.006216049194	250002955.75075	19999999.635	15703972.298	0.350952
124.004618167877	250002955.7485	20000001.2539999	15692519.587	0.347901
125.003020048141	250002955.75	20000001.013	15694707.952	0.349121
126.00142121315	250002955.74975	20000001.88	15698546.12	0.352173
127.015423059464	250002955.7505	20000000.525	15682492.198	0.349732
128.013825178146	250002955.74975	19999999.311	15688400.305	0.349121
129.012227058411	250002955.7505	20000001.357	15697958.657	0.348511
130.010628223419	250002955.74975	19999999.1	15685469.811	0.34729
131.009030103683	250002955.7495	20000001.516	15678520.353	0.346069
132.007432222366	250002955.75	20000000.476	15708399.217	0.34729
133.005834102631	250002955.75	20000000.181	15707586.472	0.352173
134.004235029221	250002955.7505	19999999.536	15699341.754	0.351563
135.002637147903	250002955.7505	20000002.219	15699872.508	0.348511
136.001039028168	250002955.74975	20000000.3820001	15709891.086	0.349121
137.0150411129	250002955.74975	20000001.666	15697037.702	0.349732
138.013442993164	250002955.75025	20000000.484	15722276.816	0.349732
139.011844158173	250002955.74925	20000001.01	15713102.898	0.351563
140.010246038437	250002955.75075	20000000.926	15721874.874	0.346069
141.00864815712	250002955.74975	19999999.872	15734532.417	0.350342
142.007050037384	250002955.74975	20000000.0190001	15734850.171	0.345459
143.005451202393	250002955.7505	20000001.4249999	15750728.322	0.350342
144.003853082657	250002955.75025	20000000.3940001	15741530.472	0.349732
145.00225520134	250002955.75	19999999.3889999	15744143.574	0.348511
146.000657081604	250002955.74925	19999998.941	15741422.1	0.349121
147.014658212662	250002955.7505	20000000.39	15747030.373	0.344238
148.013060092926	250002955.75025	19999999.351	15747609.01	0.34729
149.011462211609	250002955.7495	20000000.494	15750645.29	0.349732
150.009864091873	250002955.7505	20000001.037	15729723.791	0.349732
151.008265018463	250002955.74975	20000000.296	15699148.61	0.346069
152.006667137146	250002955.74925	20000000.668	15719367.248	0.349732
153.00506901741	250002955.7505	19999999.005	15726871.902	0.34729
154.003471136093	250002955.75025	20000000.233	15728879.5	0.353394
155.001872062683	250002955.75025	20000001.104	15721326.621	0.348511
156.015874147415	250002955.7495	20000000.079	15724673.125	0.346069
157.014276027679	250002955.75025	20000000.374	15732392.168	0.349121
158.012678146362	250002955.75	20000000.69	15747087.103	0.34668
159.011079072952	250002955.75025	20000000.522	15746201.137	0.349121
160.009481191635	250002955.74925	19999999.761	15750864.43	0.350952
161.007883071899	250002955.74975	20000001.106	15743132.3859999	0.347901
162.006285190582	250002955.7505	20000001.9030001	15741252.4280001	0.349121
163.004686117172	250002955.7505	20000000.853	15755221.2869999	0.350342
164.003087997437	250002955.749	20000000.516	15756674.9580001	0.348511
165.001490116119	250002955.75175	20000002.274	15756075.2459999	0.345459
166.015492200851	250002955.749	20000000.2460001	15748017.474	0.342407
167.013893127441	250002955.75	19999999.805	15744583.5220001	0.34729
168.012295007706	250002955.75	20000000.483	15765552.237	0.346069
169.010697126389	250002955.75	20000001.995	15725508.2029999	0.348511
170.009099006653	250002955.74975	20000000.476	15749588.2620001	0.34729
171.007500171661	250002955.751	20000001.3430001	15752617.6079999	0.344849
172.005902051926	250002955.749	19999999.891	15761785.179	0.349121
173.004304170609	250002955.7495	20000000.474	15755503.62	0.351563
174.002706050873	250002955.75125	20000001.0439999	15762299.012	0.346069
175.001107215881	250002955.7495	20000000.1650001	15761351.421	0.349121
176.015109062195	250002955.74975	19999999.8399999	15737688.4510001	0.349121
177.013511180878	250002955.75025	20000000.3850001	15741589.6329999	0.350342
178.011913061142	250002955.74925	20000000.0029999	15736716.488	0.354004
179.010315179825	250002955.74975	20000002.0960001	15743386.9760001	0.34668
180.008716106415	250002955.751	20000001.497	15738105.464	0.353394
181.007118225098	250002955.751	19999998.656	15756662.4009999	0.34729
182.005520105362	250002955.749	20000000.451	15744200.597	0.349732
183.003922224045	250002955.7495	19999999.373	15733714.8610001	0.351563
184.002323150635	250002955.75025	20000000.137	15734101.455	0.347901
185.000725030899	250002955.75	20000001.781	15742540.8189999	0.348511
186.014727115631	250002955.7505	20000000.306	15729351.105	0.347901
187.013128995895	250002955.74975	20000000.559	15711736.154	0.348511
188.011530160904	250002955.74975	20000000.525	15718047.0930001	0.347901
189.009932041168	250002955.75075	19999999.881	15723515.313	0.34729
190.008334159851	250002955.749	20000000.758	15731556.254	0.34668
191.006736040115	250002955.7505	20000002.2579999	15726375.595	0.347901
192.005137205124	250002955.74975	19999998.6500001	15734804.4529999	0.346069
193.003539085388	250002955.75075	20000001.283	15733720.763	0.344238
194.001941204071	250002955.74975	20000000.984	15732309.482	0.344849
195.015943050385	250002955.74925	20000001.135	15725069.4380001	0.346069
196.014344215393	250002955.75	20000000.063	15728278.649	0.346069
197.012746095657	250002955.75025	20000002.1650001	15729980.086	0.349121
198.01114821434	250002955.75025	20000001.0879999	15740900.53	0.34668
199.009550094604	250002955.75025	20000000.1260001	15724272.936	0.350342
200.007951021194	250002955.75025	20000000.4779999	15742628.984	0.34729
201.006353139877	250002955.74975	20000000.167	15721668.174	0.349732
202.004755020142	250002955.75	19999998.771	15729493.652	0.346069
203.003157138824	250002955.7495	20000001.705	15740910.092	0.348511
204.001558065414	250002955.75025	19999999.549	15741989.154	0.352173
205.015560150146	250002955.7505	20000002.182	15710009.486	0.349121
206.013962030411	250002955.749	19999999.753	15744634.111	0.347901
207.012364149094	250002955.75025	20000000.487	15760608.51	0.344849
208.010765075684	250002955.75075	19999999.499	15749850.804	0.34668
209.009167194366	250002955.74925	19999999.714	15742332.673	0.352173
210.007569074631	250002955.74975	20000001.244	15743503.432	0.347901
211.005971193314	250002955.75025	20000000.629	15731313.133	0.346069
212.004372119904	250002955.75025	20000001.403	15748258.146	0.34729
213.002774000168	250002955.74975	20000000.407	15740106.36	0.350342
214.001176118851	250002955.74975	20000000.487	15731839.875	0.346069
215.015178203583	250002955.75075	19999999.458	15743787.684	0.34729
216.013580083847	250002955.7495	20000000.919	15738976.046	0.347901
217.011981010437	250002955.75025	20000001.344	15747745.576	0.34729
218.01038312912	250002955.74925	19999999.791	15744175.111	0.34668
219.008785009384	250002955.7505	19999999.819	15747712.78	0.347901
220.007187128067	250002955.75025	19999999.709	15743512.483	0.347901
221.005588054657	250002955.75	20000001.115	15749478.747	0.34729
222.00399017334	250002955.7495	20000000.094	15747885.839	0.34729
223.002392053604	250002955.75	20000000.103	15758676.383	0.349121
224.016394138336	250002955.75075	20000000.756	15772750.058	0.347901
225.014795064926	250002955.7495	20000001.196	15760029.302	0.34729
226.013197183609	250002955.74875	20000000.5869999	15748727.43	0.352173
227.011599063873	250002955.75075	19999999.7510001	15767342.734	0.350342
228.010001182556	250002955.7505	19999998.79	15758103.241	0.347901
229.008402109146	250002955.75	20000002.2210001	15751660.0139999	0.34729
230.00680398941	250002955.75075	20000002.0929999	15751600.712	0.349121
231.005206108093	250002955.7495	19999999.569	15756711.45	0.34729
232.003608226776	250002955.75	20000000.784	15742480.34	0.350342
233.002009153366	250002955.74925	20000000.326	15746703.515	0.348511
234.01601099968	250002955.75075	20000000.225	15767432.502	0.341797
235.014413118362	250002955.74975	20000000.344	15763976.324	0.34668
236.012814998627	250002955.75075	20000002.446	15768342.45	0.346069
237.011216163635	250002955.7495	19999999.396	15782666.801	0.348511
238.0096180439	250002955.75	20000000	15766594.9169999	0.349121
239.008020162582	250002955.7495	20000002.276	15748403.688	0.347901
240.006422042847	250002955.75025	19999999.63	15750341.554	0.352783
241.004823207855	250002955.75	19999999.1209999	15756039.756	0.34668
242.00322508812	250002955.7505	20000000.122	15744418.6949999	0.351563
243.001627206802	250002955.7495	20000000.335	15752753.312	0.349121
244.015629053116	250002955.74975	20000001.812	15765560.582	0.34729
245.014030218124	250002955.75	20000001.579	15745210.893	0.34729
246.012432098389	250002955.7505	20000000.039	15754999.049	0.350342
247.010834217072	250002955.75	20000000.0289999	15751074.7129999	0.34729
248.009236097336	250002955.74975	20000002.242	15742475.668	0.350342
249.007637023926	250002955.7495	20000000.7010001	15746449.9220001	0.34668
250.006039142609	250002955.7505	20000002.5189999	15754662.756	0.34668
251.004441022873	250002955.75025	19999999.159	15749359.0999999	0.349732
252.002843141556	250002955.7495	20000000.476	15767678.561	0.34729
253.016845226288	250002955.7515	20000000.654	15764963.2980001	0.352783
254.015246152878	250002955.74825	20000000.285	15767017.536	0.349732
255.013648033142	250002955.75025	19999999.455	15744885.0389999	0.346069
256.012050151825	250002955.7505	20000000.496	15765257.205	0.344849
257.010452032089	250002955.75	19999999.909	15769986.034	0.349121
258.008853197098	250002955.75025	20000000.206	15762497.5009999	0.347901
259.007255077362	250002955.74975	20000002.544	15756304.071	0.34668
260.005657196045	250002955.7495	20000000.4	15758832.327	0.34729
261.004059076309	250002955.75025	20000000.275	15747035.0420001	0.34668
262.002460002899	250002955.74975	19999999.368	15753825.5109999	0.34729
263.016462087631	250002955.7505	20000001.018	15759457.3180001	0.350952
264.014864206314	250002955.74975	20000000.983	15786980.071	0.34729
265.013266086578	250002955.75	20000000.275	15787093.193	0.349732
266.011667013168	250002955.74975	19999999.175	15766936.841	0.348511
267.010069131851	250002955.75	20000000.618	15768960.682	0.353394
268.008471012115	250002955.75025	19999999.35	15754305.035	0.352783
269.006873130798	250002955.75	20000000.184	15739322.96	0.349121
270.005274057388	250002955.75	20000000.642	15752124.582	0.34668
271.003676176071	250002955.7505	20000000.115	15758684.889	0.348511
272.002078056335	250002955.7495	19999999.58	15754906.858	0.347901
273.016080141068	250002955.7505	20000000.324	15742224.268	0.34729
274.014481067657	250002955.7495	19999999.89	15752006.066	0.348511
275.01288318634	250002955.75025	20000000.631	15746388.695	0.34729
276.011285066605	250002955.75	19999999.02	15760442.867	0.351563
277.009687185287	250002955.74925	19999999.99	15762794.618	0.351563
278.008088111877	250002955.7515	19999999.748	15771529.907	0.34668
279.006489992142	250002955.74925	20000000.664	15788971.77	0.350342
280.004892110825	250002955.75025	19999999.0879999	15784402.329	0.347901
281.003293991089	250002955.749	20000000.7800001	15758915.419	0.34729
282.017295122147	250002955.75025	20000001.9249999	15758169.882	0.347901
283.015697002411	250002955.75	19999999.767	15763500.355	0.347901
284.014099121094	250002955.75075	20000000.2140001	15755115.759	0.349121
285.012501001358	250002955.7495	20000000.732	15765672.311	0.34729
286.010902166367	250002955.75	20000001.826	15756546.929	0.34668
287.009304046631	250002955.74975	20000000.5469999	15770510.839	0.349732
288.007706165314	250002955.75	20000000.2210001	15769134.503	0.345459
289.006108045578	250002955.749	20000001.048	15769121.845	0.344238
290.004509210587	250002955.75125	19999999.4680001	15748645.715	0.34729
291.002911090851	250002955.7505	20000003.2999999	15778107.366	0.349121
292.016913175583	250002955.74975	19999999.653	15763292.957	0.346069
293.015315055847	250002955.74975	20000003.226	15776189.386	0.346069
294.01371717453	250002955.75	20000000.317	15764493.668	0.34668
295.01211810112	250002955.74975	20000000.8480001	15761283.507	0.347901
296.010520219803	250002955.7505	20000000.7889999	15770896.983	0.348511
297.008922100067	250002955.7505	20000002.2570001	15774228.748	0.350952
298.00732421875	250002955.749	20000000.421	15774647.304	0.349732
299.00572514534	250002955.7505	19999999.698	15760307.642	0.351563
300.004127025604	250002955.7495	20000002.462	15769355.6520001	0.34729
301.002529144287	250002955.751	19999999.146	15772358.8859999	0.350342
302.016530990601	250002955.7495	20000002.3119999	15765781.089	0.349121
303.014932155609	250002955.75025	20000004.146	15765151.217	0.349732
304.013334035873	250002955.74925	20000000.031	15774103.52	0.348511
305.011736154556	250002955.7505	19999999.898	15783384.7140001	0.345459
306.010138034821	250002955.75	19999999.294	15759704.9669999	0.348511
307.008539199829	250002955.75025	20000002.283	15757791.6570001	0.345459
308.006941080093	250002955.75025	19999999.755	15760348.068	0.351563
309.005343198776	250002955.748	20000000.211	15753780.108	0.346069
310.003745079041	250002955.751	20000000.576	15769263.0139999	0.349732
311.00214600563	250002955.74975	20000001.329	15758100.5420001	0.352173
312.016148090363	250002955.7505	19999999.56	15750635.383	0.350342
313.014550209045	250002955.7505	20000000.433	15752320.664	0.34729
314.01295208931	250002955.7495	20000001.29	15751019.1889999	0.348511
315.0113530159	250002955.75	19999999.365	15752739.8340001	0.347901
316.009755134583	250002955.75025	20000001.589	15745499.9119999	0.34729
317.008157014847	250002955.75025	20000000.455	15761030.776	0.34729
318.00655913353	250002955.74975	19999999.996	15751458.443	0.347901
319.00496006012	250002955.7495	19999999.475	15749957.86	0.34668
320.003362178802	250002955.7505	20000000.714	15760535.003	0.352783
321.017364025116	250002955.7495	19999999.846	15742187.992	0.34729
322.015766143799	250002955.7505	20000002.708	15750253.427	0.350342
323.014167070389	250002955.74975	20000000.464	15739056.7479999	0.350952
324.012569189072	250002955.75	19999999.245	15737543.3110001	0.349121
325.010971069336	250002955.74975	20000001.368	15764343.168	0.350952
326.009373188019	250002955.75025	19999998.928	15773418.5319999	0.347901
327.007774114609	250002955.7505	20000000.454	15773967.928	0.347901
328.006175994873	250002955.75025	20000000.765	15769558.5830001	0.349732
329.004578113556	250002955.749	20000000.799	15757289.355	0.344849
330.00297999382	250002955.75	19999999.62	15783461.454	0.349732
331.016982078552	250002955.7505	20000002.173	15783584.073	0.346069
332.015383005142	250002955.74975	19999999.401	15772567.857	0.34729
333.013785123825	250002955.74975	20000000.863	15781676.248	0.352783
334.012187004089	250002955.751	20000000.321	15790643.172	0.349121
335.010589122772	250002955.74925	19999999.834	15771902.759	0.346069
336.008990049362	250002955.75025	19999999.4330001	15845463.486	0.349732
337.007392168045	250002955.74975	20000000.114	15850075.754	0.347901
338.005794048309	250002955.75	20000000.8249999	15846696.537	0.34668
339.004196166992	250002955.75075	20000001.6350001	15854451.848	0.345459
340.002597093582	250002955.7495	19999999.688	15837436.731	0.346069
341.016599178314	250002955.75025	20000000.1489999	15842630.122	0.348511
342.015001058578	250002955.75075	19999999.6010001	15826640.534	0.351563
343.013403177261	250002955.748	20000001.14	15844868.432	0.354004
344.011804103851	250002955.75075	20000001.0929999	15823492.294	0.34668
345.010206222534	250002955.7495	20000001.4940001	15813572.986	0.350952
346.008608102798	250002955.75025	19999999.095	15786989.288	0.346069
347.007010221481	250002955.75025	20000000.8939999	15776497.927	0.352173
348.005411148071	250002955.74975	19999999.984	15791748.7	0.350952
349.003813028336	250002955.75025	20000000.0910001	15783797.714	0.348511
350.017815113068	250002955.74925	19999999.844	15795922.794	0.343628
351.016216993332	250002955.7505	20000000.921	15778689.927	0.345459
352.01461815834	250002955.75025	19999999.975	15772901.568	0.343628
353.013020038605	250002955.74975	20000000.6999999	15781178.264	0.34668
354.011422157288	250002955.75	20000001.151	15795359.958	0.344238
355.009824037552	250002955.75025	19999999.1260001	15787500.445	0.347901
356.00822520256	250002955.75	20000001.008	15804646.93	0.349121
357.006627082825	250002955.75	20000000.5369999	15799451.987	0.344849
358.005029201508	250002955.7505	20000001.3760001	15792498.308	0.352783
359.003431081772	250002955.74925	20000000.132	15782560.891	0.34668
360.01743221283	250002955.75025	19999997.794	15805251.752	0.347901
361.015834093094	250002955.75025	20000005.492	15803194.246	0.353394
362.014236211777	250002955.74975	20000000.057	15811480.087	0.347901
363.012638092041	250002955.75	20000000.667	15796262.446	0.351563
364.011039018631	250002955.7495	20000001.055	15856916.816	0.34729
365.009441137314	250002955.75075	19999999.543	15866592.0149999	0.34668
366.007843017578	250002955.7495	19999999.964	15909708.411	0.349121
367.006245136261	250002955.75	20000000.931	16002752.128	0.348511
368.004646062851	250002955.75075	19999999.572	16008633.61	0.347901
369.003048181534	250002955.749	20000001.749	15966545.119	0.349732
370.017050027847	250002955.75075	20000003.118	16027378.4920001	0.348511
371.01545214653	250002955.75025	20000000.34	16053367.2429999	0.352783
372.013854026794	250002955.74975	20000001.505	16081455.9450001	0.34668
373.012255191803	250002955.7495	19999999.267	16077504.7639999	0.347901
374.010657072067	250002955.7505	20000000.877	16080718.38	0.34668
375.00905919075	250002955.74925	20000000.7	16076865.205	0.34729
376.007461071014	250002955.7505	19999999.446	16035138.756	0.347901
377.005861997604	250002955.75	19999999.581	16015017.579	0.348511
378.004264116287	250002955.74975	19999999.816	15975480.306	0.34729
379.018266201019	250002955.7495	20000000.867	15923650.38	0.34729
380.016668081284	250002955.75075	20000000.369	15913576.219	0.347901
381.015069007874	250002955.75	19999999.692	15937688.224	0.350342
382.013471126556	250002955.75	19999999.478	15946402.8200001	0.352783
383.011873006821	250002955.7495	20000001.147	15952577.2459999	0.34668
384.010275125504	250002955.7505	20000000.062	15969880.0470001	0.348511
385.008676052094	250002955.7505	20000000.64	16024846.0779999	0.347901
386.007078170776	250002955.749	19999999.459	16005170.906	0.345459
387.005480051041	250002955.75075	20000001.707	16001977.612	0.354004
388.003882169724	250002955.7505	20000000.9070001	15987522.834	0.352173
389.017883062363	250002955.749	20000001.2399999	15948993.9150001	0.348511
390.016285181046	250002955.75	19999999.107	15938211.869	0.350952
391.01468706131	250002955.75	19999999.455	16003902.5319999	0.348511
392.013089179993	250002955.75025	20000000.466	16077307.7160001	0.351563
393.011490106583	250002955.7495	20000000.6210001	15997580.7589999	0.349121
394.009892225266	250002955.75125	19999999.841	16049271.7280001	0.350952
395.00829410553	250002955.74875	20000000.6550001	16045009.129	0.347901
396.006696224213	250002955.75025	20000000.9859999	15988343.806	0.353394
397.005097150803	250002955.7505	19999999.171	16017716.7510001	0.348511
398.003499031067	250002955.75	20000000.304	16033738.78	0.346069
399.017501115799	250002955.7495	19999999.9629999	16034226.355	0.350342
400.015902996063	250002955.75025	20000000.184	16014344.884	0.350342
401.014304161072	250002955.74975	20000000.76	16021530.333	0.34729
402.012706041336	250002955.751	20000000.827	16031284.266	0.347901
403.011108160019	250002955.74925	19999999.403	15989683.23	0.34729
404.009510040283	250002955.75075	19999999.808	16061493.549	0.350952
405.007911205292	250002955.7495	19999999.1600001	16078971.175	0.352783
406.006313085556	250002955.75025	20000000.35	15979523.103	0.348511
407.004715204239	250002955.749	20000000.895	15985846.98	0.345459
408.018717050552	250002955.75025	20000000.291	15968914.653	0.349121
409.017119169235	250002955.74975	19999999.231	15971269.369	0.34668
410.015520095825	250002955.75075	20000000.728	15996392.129	0.348511
411.013922214508	250002955.7495	20000000.9679999	16066717.087	0.350342
412.012324094772	250002955.74975	19999999.1190001	16082389.904	0.347901
413.010726213455	250002955.75	20000003.502	15990741.097	0.349732
414.009127140045	250002955.7505	20000000.008	15981663.636	0.34729
415.007529020309	250002955.75025	19999999.99	15986715.687	0.34668
416.005931138992	250002955.74975	19999999.423	15995898.451	0.350952
417.004333019257	250002955.75	20000002.087	15981137.732	0.342407
418.018334150314	250002955.74925	19999999.151	15973963.121	0.34729
419.016736030579	250002955.75125	20000000.196	16009173.856	0.344849
420.015138149261	250002955.75025	19999999.835	16055140.905	0.349732
421.013540029526	250002955.74875	20000000.145	16033579.594	0.349121
422.011941194534	250002955.7505	20000000.387	16034073.407	0.352173
423.010343074799	250002955.74975	19999999.358	16059295.606	0.349121
424.008745193481	250002955.7505	19999999.926	16071340.64	0.345459
425.007147073746	250002955.7495	19999999.98	16059946.071	0.348511
426.005548000336	250002955.7495	20000000.072	16056190.81	0.349732
427.003950119019	250002955.751	20000001.618	16058169.6120001	0.350952
428.017952203751	250002955.74925	19999999.797	16075589.768	0.349121
429.016354084015	250002955.75025	19999999.229	16040459.825	0.343628
430.014755010605	250002955.7505	20000000.479	16048570.452	0.34729
431.013157129288	250002955.74975	20000000.266	16042510.169	0.349121
432.011559009552	250002955.75	20000000.903	16049051.452	0.345459
433.009961128235	250002955.75075	19999999.845	16072668.2620001	0.350952
434.008362054825	250002955.75	19999999.644	16067594.1539999	0.34668
435.006764173508	250002955.74925	19999999.168	16069722.1850001	0.34729
436.005166053772	250002955.75	20000000.462	16049451.3199999	0.349732
437.003568172455	250002955.7505	19999999.156	16047068.855	0.349121
438.017569065094	250002955.74925	20000000.421	16042456.115	0.349121
439.015971183777	250002955.75025	20000000.73	16050829.979	0.349732
440.014373064041	250002955.75	20000000.317	16037840.998	0.350342
441.012775182724	250002955.75025	19999999.259	16031207.36	0.34729
442.011176109314	250002955.74975	19999999.795	16023456.099	0.347901
443.009577989578	250002955.75025	20000000.546	16011385.2590001	0.347901
444.007980108261	250002955.75	19999999.173	16036720.55	0.352173
445.006382226944	250002955.75025	20000000.49	16032842.824	0.347901
446.004783153534	250002955.74925	19999999.2900001	16043072.933	0.349732
447.018784999847	250002955.7505	20000000.204	16055964.301	0.349121
448.01718711853	250002955.74975	20000002.875	16094002.467	0.349732
449.015588998795	250002955.75	19999999.2859999	16131635.591	0.34668
450.013991117477	250002955.74975	19999999.9990001	16119539.3430001	0.34729
451.012392044067	250002955.75	20000000.363	16144195.246	0.348511
452.01079416275	250002955.7505	20000001.8279999	16137003.0339999	0.353394
453.009196043015	250002955.749	20000000.3789999	16098652.056	0.34668
454.007598161697	250002955.75075	20000000.3390001	16121456.906	0.350952
455.005999088287	250002955.75	19999999.374	16129164.5700001	0.349121
456.00440120697	250002955.75	20000000.135	16139586.936	0.350342
457.018403053284	250002955.75025	20000000.044	16144405.1999999	0.349121
458.016805171967	250002955.74975	20000001.6159999	16117177.7160001	0.349121
459.015206098557	250002955.75	20000000.7260001	16123329.934	0.349732
460.013608217239	250002955.75	20000001.311	16143653.9299999	0.350952
461.012010097504	250002955.74975	19999999.9039999	16129480.886	0.354614
462.010412216187	250002955.75025	19999999.2230001	16123578.211	0.349121
463.008813142776	250002955.75	20000000.979	16106022.248	0.347901
464.007215023041	250002955.7495	20000000.115	16054123.4599999	0.348511
465.005617141724	250002955.75	19999999.399	15986314.9530001	0.350342
466.004019021988	250002955.7505	20000001.2129999	15934289.738	0.350952
467.018020153046	250002955.75025	20000000.594	15944574.268	0.349121
468.01642203331	250002955.75	19999999.873	15865383.254	0.349121
469.014824151993	250002955.74975	19999999.99	15841625.288	0.347901
470.013226032257	250002955.7505	20000000.378	15813326.379	0.34729
471.011627197266	250002955.7495	20000001.009	15827765.715	0.346069
472.01002907753	250002955.75	19999999.615	15900994.577	0.349121
473.008431196213	250002955.74975	20000003.368	15888345.025	0.346069
474.006833076477	250002955.75	20000000.831	15857293.737	0.344849
475.005234003067	250002955.7505	20000000.918	15859414.436	0.346069
476.019236087799	250002955.75	19999998.744	15845379.995	0.346069
477.017638206482	250002955.74925	20000001.967	15826923.193	0.34729
478.016040086746	250002955.7505	20000001.177	15819417.374	0.344238
479.014441013336	250002955.75	19999999.629	15795718.243	0.346069
480.012843132019	250002955.74975	20000000.629	15778670.863	0.344849
481.011245012283	250002955.75075	20000000.917	15778801.329	0.354004
482.009647130966	250002955.75	19999999.564	15792939.942	0.349121
483.008048057556	250002955.7495	20000000.0890001	15775954.977	0.349121
484.006450176239	250002955.75075	20000000.653	15783932.976	0.351563
485.004852056503	250002955.74925	20000000.524	15783643.212	0.347901
486.018854141235	250002955.74975	19999999.823	15788813.81	0.34668
487.0172560215	250002955.75	20000001.123	15776802.717	0.348511
488.015657186508	250002955.75025	19999999.222	15798609.879	0.346069
489.014059066772	250002955.75	20000000.318	15790750.803	0.34668
490.012461185455	250002955.75025	20000000.923	15812939.5100001	0.349121
491.01086306572	250002955.7505	19999998.583	15794951.786	0.349121
492.00926399231	250002955.74975	20000000.631	15812561.331	0.344849
493.007666110992	250002955.749	20000000.445	15811053.284	0.344849
494.006067991257	250002955.75075	19999999.99	15825866.244	0.348511
495.00447010994	250002955.7495	20000002.049	15814910.694	0.349121
496.018471002579	250002955.7505	19999999.939	15750578.474	0.346069
497.016873121262	250002955.74925	20000000.164	15747611.908	0.34668
498.015275001526	250002955.7505	19999999.728	15806887.044	0.348511
499.013677120209	250002955.7505	20000000.224	15838701.621	0.351563
500.012078046799	250002955.75	20000000.044	15829250.673	0.343628
501.010480165482	250002955.7495	20000000.367	15836221.056	0.34729
502.008882045746	250002955.74975	20000000.54	15829549.064	0.34729
503.007284164429	250002955.7505	19999999.784	15835598.716	0.347901
504.005685091019	250002955.75075	20000000.531	15837130.523	0.352173
505.019687175751	250002955.74925	20000000.566	15831114.056	0.348511
506.018089056015	250002955.749	20000001.939	15831297.043	0.348511
507.016491174698	250002955.752	20000002.14	15830894.496	0.349121
508.014892101288	250002955.74825	20000000.5779999	15843906.719	0.349732
509.013294219971	250002955.751	20000000.25	15827949.4729999	0.346069
510.011696100235	250002955.75	20000000.0450001	15843993.2820001	0.34668
511.010098218918	250002955.74975	20000001.9249999	15839608.193	0.344238
512.008499145508	250002955.75025	19999999.766	15847443.284	0.34729
513.006901025772	250002955.74975	20000001.73	15842570.993	0.346069
514.005303144455	250002955.75	20000002.26	15840502.79	0.350952
515.019304990768	250002955.7505	19999998.7179999	15844888.589	0.344849
516.017706155777	250002955.74975	20000001.169	15838616.52	0.347901
517.016108036041	250002955.75025	19999999.2409999	15841272.5630001	0.34729
518.014510154724	250002955.7495	20000002.574	15839825.1409999	0.346069
519.012912034988	250002955.7495	19999999.5630001	15819662.375	0.34668
520.011313199997	250002955.7505	20000000.647	15813568.9070001	0.349121
521.009715080261	250002955.7495	20000000.415	15847447.975	0.349121
522.008117198944	250002955.74975	20000000.8080001	15832871.0569999	0.34668
523.006519079208	250002955.75	19999999.029	15813673.439	0.348511
524.004920005798	250002955.7505	20000001.086	15819245.4860001	0.345459
525.01892209053	250002955.74975	20000000.636	15841448.5619999	0.350342
526.017324209213	250002955.75025	20000000.341	15843787.13	0.348511
527.015726089478	250002955.7505	19999999.246	15839623.5600001	0.34729
528.01412820816	250002955.7495	20000000.363	15830789.6589999	0.346069
529.01252913475	250002955.75025	20000002.273	15847755.1240001	0.343628
530.010931015015	250002955.7495	20000000.901	15862333.385	0.345459
531.009333133698	250002955.74975	20000000.999	15855234.036	0.349732
532.007735013962	250002955.75025	19999998.321	15850219.219	0.345459
533.00613617897	250002955.7505	20000001.678	15884049.056	0.351563
534.020138025284	250002955.75025	19999999.726	15879783.89	0.348511
535.018540143967	250002955.74925	19999999.897	15866931.792	0.34729
536.016942024231	250002955.7505	20000001.461	15880437.984	0.347901
537.01534318924	250002955.74975	20000000.023	15866899.164	0.348511
538.013745069504	250002955.74975	19999999.444	15886220.849	0.347901
539.012147188187	250002955.74975	20000000.193	15884863.224	0.346069
540.010549068451	250002955.7505	20000001.9249999	15873384.468	0.347901
541.008949995041	250002955.75025	19999999.486	15880715.171	0.349121
542.007352113724	250002955.7495	20000000.219	15878779.625	0.349732
543.005753993988	250002955.75	19999999.914	15878381.332	0.349121
544.01975607872	250002955.75025	20000000.828	15863836.557	0.34668
545.01815700531	250002955.7505	20000001.238	15853373.295	0.349732
546.016559123993	250002955.74875	20000000.486	15842849.585	0.34668
547.014961004257	250002955.75025	20000001.463	15826337.664	0.352173
548.01336312294	250002955.75075	20000000.841	15820696.147	0.345459
549.01176404953	250002955.75	19999999.8480001	15805994.235	0.346069
550.010166168213	250002955.75025	20000000.408	15814136.798	0.345459
551.008568048477	250002955.749	20000000.913	15825797.995	0.345459
552.00697016716	250002955.751	20000000.4399999	15847067.958	0.34668
553.00537109375	250002955.7495	20000000.5600001	15800693.466	0.347901
554.019373178482	250002955.75025	20000000.298	15825813.019	0.349732
555.017775058746	250002955.75	20000002.118	15831117.074	0.34729
556.016177177429	250002955.7495	20000000.0039999	15824707.074	0.348511
557.014578104019	250002955.7505	19999999.411	15814326.207	0.351563
558.012980222702	250002955.74975	19999999.446	15824791.844	0.34668
559.011382102966	250002955.749	20000001.478	15834172.622	0.350952
560.009784221649	250002955.751	20000001.484	15836817.65	0.344849
561.008185148239	250002955.75025	20000000.077	15841314.025	0.348511
562.006587028503	250002955.75025	20000000.513	15823311.803	0.343628
563.020589113235	250002955.7495	19999999.17	15830765.301	0.350342
564.0189909935	250002955.7505	20000000.6240001	15823106.301	0.352173
565.017393112183	250002955.749	19999999.6459999	15834268.636	0.349121
566.015794038773	250002955.75025	20000000.8210001	15819404.33	0.349121
567.014196157455	250002955.74975	19999999.428	15827851.9060001	0.349732
568.01259803772	250002955.75075	20000000.436	15829806.171	0.34668
569.011000156403	250002955.75	19999999.9449999	15840101.551	0.344849
570.009401082993	250002955.75025	19999998.5880001	15815970.1619999	0.349732
571.007803201675	250002955.74975	20000002.508	15807491.2360001	0.34668
572.00620508194	250002955.75	19999999.696	15843071.254	0.345459
573.020207166672	250002955.7495	19999999.521	15842305.098	0.349121
574.018608093262	250002955.74975	20000001.8529999	15837921.798	0.352173
575.017010211945	250002955.75025	20000000.23	15835375.1159999	0.348511
576.015412092209	250002955.75	19999999.594	15831187.9790001	0.346069
577.013814210892	250002955.75025	19999999.411	15828296.283	0.347901
578.012215137482	250002955.75025	20000000.824	15831960.466	0.344849
579.010617017746	250002955.7495	20000000.067	15819959.7489999	0.349121
580.009019136429	250002955.7505	20000000.646	15843572.4300001	0.346069
581.007421016693	250002955.74925	19999999.27	15827069.918	0.343628
582.005822181702	250002955.75025	20000000.813	15835619.887	0.341187
583.019824028015	250002955.75075	19999999.249	15841235.354	0.34729
584.018226146698	250002955.74925	20000000.98	15843317.75	0.349121
585.016628026962	250002955.7505	19999999.102	15837965.5990001	0.34668
586.015029191971	250002955.75	19999999.847	15854553.701	0.345459
587.013431072235	250002955.74975	20000000.541	15848557.7489999	0.349121
588.011833190918	250002955.7505	19999999.806	15826311.839	0.345459
589.010235071182	250002955.74925	19999999.246	15858253.7310001	0.348511
590.008635997772	250002955.74975	20000000.676	15841393.679	0.345459
591.007038116455	250002955.7505	20000000.477	15847485.1569999	0.34668
592.021040201187	250002955.7505	19999999.887	15863370.63	0.350952
593.019442081451	250002955.7495	19999999.29	15857731.354	0.348511
594.017843008041	250002955.75075	20000001.497	15863422.169	0.34668
595.016245126724	250002955.74925	20000000.731	15861973.186	0.350952
596.014647006989	250002955.75025	20000001.1	15853206.716	0.349121
597.013049125671	250002955.75	19999999.073	15777837.5790001	0.349732
598.011450052261	250002955.74975	20000000.565	15790811.813	0.350952
599.009852170944	250002955.74975	19999999.677	15797837.2639999	0.349121
600.008254051209	250002955.75075	19999999.891	15806953.671	0.346069
601.006656169891	250002955.74975	19999999.791	15809242.937	0.347901
602.020658016205	250002955.74975	20000000.559	15833028.169	0.351563
603.019059181213	250002955.75	19999999.812	15843010.375	0.34729
604.017461061478	250002955.75	19999999.619	15835507.961	0.349121
605.015863180161	250002955.7495	20000001.035	15816370.139	0.34668
606.014265060425	250002955.7505	19999999.1090001	15839681.348	0.34668
607.012666225433	250002955.74975	20000000.5109999	15805278.283	0.344849
608.011068105698	250002955.75025	20000000.2130001	15739668.503	0.34729
609.00947022438	250002955.75025	19999999.868	15767126.061	0.349732
610.007872104645	250002955.75	20000000.125	15761864.154	0.349732
611.006273031235	250002955.74925	19999999.4069999	15783829.604	0.349121
612.020275115967	250002955.7505	19999999.569	15793369.399	0.351563
613.018676996231	250002955.75	20000000.696	15785231.077	0.34729
614.017079114914	250002955.75025	20000001.039	15796127.612	0.352173
615.015480041504	250002955.75	19999998.8299999	15784699.112	0.352783
616.013882160187	250002955.74975	20000000.445	15807640.786	0.347901
617.012284040451	250002955.74975	20000000.572	15804969.771	0.351563
618.010686159134	250002955.74975	19999998.2999999	15808718.281	0.346069
619.009087085724	250002955.7505	20000000.538	15810509.205	0.34668
620.007489204407	250002955.7505	20000000.873	15814988.786	0.344849
621.005891084671	250002955.74975	19999999.1210001	15817367.16	0.34729
622.019893169403	250002955.75	19999999.8579999	15816673.645	0.350952
623.018294095993	250002955.75	20000000.5680001	15810350.423	0.34729
624.016696214676	250002955.749	19999999.989	15825496.044	0.34729
625.01509809494	250002955.7505	19999999.851	15838056.281	0.350342
626.013500213623	250002955.75025	20000000.2950001	15842890.146	0.344849
627.011901140213	250002955.74975	19999999.079	15832954.405	0.349732
628.010303020477	250002955.74975	20000000.043	15828306.857	0.344849
629.00870513916	250002955.75	20000002.0649999	15857872.9	0.34729
630.007107019424	250002955.75025	20000000.577	15845395.969	0.34729
631.021108150482	250002955.75025	19999998.508	15842256.108	0.350952
632.019510030746	250002955.7505	20000000.3	15848325.699	0.34668
633.017912149429	250002955.75	19999999.267	15837519.858	0.349732
634.016314029694	250002955.75	20000002.064	15876959.047	0.34668
635.014715194702	250002955.74925	20000000.838	15860573.631	0.34668
636.013117074966	250002955.75025	19999999.865	15862698.5189999	0.351563
637.011519193649	250002955.75	19999999.282	15870416.76	0.347901
638.009921073914	250002955.75	20000000.741	15862859.7080001	0.352173
639.008322000504	250002955.75025	20000000.733	15857429.8	0.345459
640.006724119186	250002955.7495	19999998.917	15826747.1040001	0.352173
641.020726203918	250002955.7505	20000000.991	15848771.441	0.347901
642.019128084183	250002955.7505	20000001.134	15838909.004	0.348511
643.017530202866	250002955.74975	20000000.207	15853284.368	0.347901
644.015931129456	250002955.7495	20000001.557	15853950.4269999	0.344849
645.01433300972	250002955.75075	19999999.178	15862096.151	0.348511
646.012735128403	250002955.74975	20000000.977	15861655.1390001	0.348511
647.011137008667	250002955.74975	20000000.041	15871461.449	0.350342
648.009538173676	250002955.74925	19999999.67	15864363.043	0.344849
649.00794005394	250002955.75025	20000000.095	15882013.847	0.34729
650.006342172623	250002955.7505	19999999.814	15865913.0469999	0.345459
651.020344018936	250002955.74975	20000001.252	15886825.6090001	0.350342
652.018745183945	250002955.7495	19999999.638	15855339.992	0.350342
653.017147064209	250002955.7505	20000000.128	15875763.082	0.34668
654.015549182892	250002955.74975	20000000.581	15868898.272	0.350952
655.013951063156	250002955.74975	19999999.571	15886956.1950001	0.343018
656.012351989746	250002955.75125	20000001.068	15882074.9299999	0.34729
657.010754108429	250002955.74925	20000001.01	15886146.0650001	0.34668
658.009156227112	250002955.75	19999999.311	15874652.3069999	0.347901
659.007558107376	250002955.75025	20000000.349	15887156.451	0.344849
660.021559000015	250002955.7495	20000000.528	15855177.426	0.345459
661.019961118698	250002955.75025	19999998.788	15870748.2640001	0.348511
662.018362998962	250002955.75	20000000.2750001	15872469.283	0.34729
663.016765117645	250002955.75025	20000000.6439999	15855598.987	0.34729
664.015166044235	250002955.75025	20000002.556	15848596.531	0.347901
665.013568162918	250002955.74875	19999998.7000001	15844377.871	0.347901
666.011970043182	250002955.75	20000001.023	15882145.025	0.346069
667.010372161865	250002955.7505	19999999.857	15879279.918	0.34668
668.008773088455	250002955.7505	20000003.295	15886037.817	0.349732
669.007175207138	250002955.7495	20000001.451	15907881.6869999	0.34729
670.021177053452	250002955.75	20000001.556	15910623.253	0.350342
671.019579172134	250002955.7505	20000001.11	15901353.62	0.347901
672.017980098724	250002955.7495	20000000.553	15928349.509	0.344849
673.016382217407	250002955.7505	20000000.1220001	15943999.08	0.349732
674.014784097672	250002955.75025	20000001.212	15933116.023	0.34729
675.013186216354	250002955.74975	20000001.329	15885461.546	0.344849
676.011587142944	250002955.7505	20000001.9549999	15883130.755	0.347901
677.009989023209	250002955.7495	20000001.7180001	15846047.67	0.347901
678.008391141891	250002955.74925	20000002.18	15890735.567	0.349121
679.006793022156	250002955.7505	20000000.401	15876200.246	0.350952
680.020795106888	250002955.74975	20000000.317	15877490.597	0.346069
681.019196033478	250002955.75075	20000000.7179999	15875165.896	0.349732
682.017598152161	250002955.74975	19999999.35	15891406.702	0.346069
683.016000032425	250002955.74975	19999999.382	16056187.23	0.34668
684.014402151108	250002955.74975	20000003.489	16160426.432	0.349732
685.012803077698	250002955.75	20000000.783	16011509.578	0.34729
686.011205196381	250002955.7505	20000000.862	15912722.049	0.354004
687.009607076645	250002955.74925	20000002.814	15884380.243	0.344238
688.008009195328	250002955.75075	19999999.051	15886134.86	0.349121
689.022010087967	250002955.7495	20000001.231	15911901.382	0.345459
690.02041220665	250002955.75075	20000001.567	15994336.022	0.351563
691.018814086914	250002955.74975	20000000.847	15944222.858	0.34668
692.017216205597	250002955.7495	19999999.073	15900175.615	0.344238
693.015617132187	250002955.75125	19999999.659	15872910.972	0.344849
694.014019012451	250002955.749	20000001.785	15904794.68	0.34729
695.012421131134	250002955.749	20000001.542	15892839.159	0.345459
696.010823011398	250002955.75125	19999999.615	15881660.82	0.348511
697.009224176407	250002955.75025	20000000.8480001	15886001.379	0.344849
698.007626056671	250002955.749	20000001.902	15892782.928	0.34729
699.021628141403	250002955.751	20000000.013	15887128.707	0.347901
700.020030021667	250002955.7495	20000001.298	15891076.548	0.346069
701.018431186676	250002955.75	20000001.6	15875765.91	0.341797
702.01683306694	250002955.7505	20000001.329	15888435.243	0.344238
703.015235185623	250002955.74875	20000001.222	15864428.5279999	0.346069
704.013637065887	250002955.75075	19999999.654	15883075.232	0.342407
705.012037992477	250002955.7495	20000000.4500001	15879307.444	0.34668
706.01044011116	250002955.75075	19999999.709	15880900.3740001	0.345459
707.008841991425	250002955.7495	19999999.371	15875088.799	0.343628
708.007244110107	250002955.74925	19999999.366	15881952.4009999	0.346069
709.021245002747	250002955.75075	20000002.464	15894534.8900001	0.345459
710.019647121429	250002955.75075	19999999.006	15881754.7489999	0.351563
711.018049001694	250002955.7485	20000000.1539999	15882793.3739999	0.348511
712.016451120377	250002955.75175	19999999.2110001	15883505.018	0.351563
713.014852046967	250002955.749	20000000.4469999	15878744.519	0.344849
714.013254165649	250002955.74975	20000000.9270001	15869481.5139999	0.342407
715.011656045914	250002955.75025	20000001.752	15870071.661	0.344849
716.010058164597	250002955.7505	20000000.339	15853596.735	0.349121
717.008459091187	250002955.7495	20000000.368	15857774.694	0.346069
718.022461175919	250002955.74975	20000001.031	15852034.1569999	0.349732
719.020863056183	250002955.7505	19999999.298	15830682.023	0.352783
720.019265174866	250002955.7495	19999999.524	15842081.638	0.34668
721.01766705513	250002955.75075	20000001.283	15848022.9740001	0.346069
722.016068220139	250002955.7495	19999999.1539999	15850683.992	0.343628
723.014470100403	250002955.74975	20000001.653	15852760.1159999	0.347901
724.012872219086	250002955.74975	19999999.4050001	15852117.7260001	0.351563
725.01127409935	250002955.7505	19999999.924	15846284.956	0.344238
726.00967502594	250002955.75075	20000000.7349999	15841484.161	0.349732
727.008077144623	250002955.7495	20000001.2290001	15851334.0159999	0.349121
728.022078990936	250002955.7505	19999999.5749999	15845355.8790001	0.349732
729.020481109619	250002955.749	19999999.929	15848287.0139999	0.347901
730.018882036209	250002955.7505	20000000.385	15852507.755	0.349732
731.017284154892	250002955.74975	20000000.054	15846233.6860001	0.350342
732.015686035156	250002955.75	20000000.26	15872721.6239999	0.34668
733.014088153839	250002955.75025	19999999.948	15848481.493	0.343018
734.012489080429	250002955.74975	20000001.0750001	15846941.7939999	0.345459
735.010891199112	250002955.7505	19999998.961	15847038.057	0.346069
736.009293079376	250002955.75025	20000000.7160001	15841916.597	0.34729
737.007695198059	250002955.749	20000000.641	15836250.604	0.347901
738.021696090698	250002955.75075	20000002.31	15849755.198	0.347901
739.020098209381	250002955.75	20000001.299	15845300.402	0.348511
740.018500089645	250002955.7495	19999999.162	15840958.764	0.344849
741.016902208328	250002955.74975	19999999.649	15842859.124	0.349121
742.015303134918	250002955.75075	20000001.412	15859724.573	0.344238
743.013705015183	250002955.75025	20000000.546	15865952.846	0.349121
744.012107133865	250002955.7495	20000000.489	15858065.723	0.34668
745.01050901413	250002955.75	19999999.653	15860659.277	0.348511
746.008910179138	250002955.751	20000001.993	15858842.296	0.344849
747.022912025452	250002955.7495	19999999.005	15847040.225	0.348511
748.021314144135	250002955.74925	20000000.417	15852044.06	0.34668
749.019716024399	250002955.751	20000001.056	15856614.49	0.34668
750.018117189407	250002955.749	19999999.269	15863212.249	0.348511
751.016519069672	250002955.75	19999999.445	15856183.34	0.349732
752.014921188354	250002955.7505	20000001.114	15863311.247	0.34729
753.013323068619	250002955.75	19999998.969	15836005.515	0.352783
754.011723995209	250002955.7495	20000001.139	15811043.756	0.347901
755.010126113892	250002955.75075	20000000.488	15826065.962	0.349121
756.008527994156	250002955.74975	20000001.013	15844685.111	0.349732
757.022530078888	250002955.74975	20000000.556	15840062.701	0.345459
758.020932197571	250002955.75	20000000.717	15843169.895	0.348511
759.019333124161	250002955.75	19999999.948	15845402.079	0.347901
760.017735004425	250002955.75025	20000000.392	15847218.566	0.343628
761.016137123108	250002955.75	20000000.489	15839498.062	0.347901
762.014539003372	250002955.7505	20000001.206	15853121.317	0.345459
763.012940168381	250002955.749	20000000.033	15845816.821	0.349121
764.011342048645	250002955.75025	19999999.3789999	15849183.124	0.351563
765.009744167328	250002955.74975	20000001.044	15842815.821	0.349121
766.008146047592	250002955.7505	20000002.5140001	15831775.033	0.350952
767.02214717865	250002955.7495	20000000.119	15848224.079	0.349121
768.020549058914	250002955.75075	20000000.946	15844364.842	0.350342
769.018951177597	250002955.74975	20000000.9400001	15828960.112	0.34668
770.017353057861	250002955.75	20000001.183	15856393.985	0.349121
771.01575422287	250002955.75	20000000.3889999	15861829.692	0.349732
772.014156103134	250002955.7505	20000000.352	15864763.676	0.347901
773.012558221817	250002955.749	20000000.0330001	15868557.4299999	0.344238
774.010960102081	250002955.7505	20000002.7539999	15866281.519	0.345459
775.009361028671	250002955.7495	19999999.6260001	15854087.15	0.345459
776.007763147354	250002955.75075	19999998.7099999	15884166.698	0.350342
777.021764993668	250002955.7495	20000002.4150001	15883645.029	0.349732
778.02016711235	250002955.75025	20000000.9879999	15879182.62	0.345459
779.01856803894	250002955.75	19999998.8410001	15878798.178	0.34729
780.016970157623	250002955.74975	20000001.591	15908014.4630001	0.34729
781.015372037888	250002955.751	20000001.18	15916466.9269999	0.348511
782.01377415657	250002955.74925	19999999.442	15906231.62	0.34729
783.01217508316	250002955.75	19999999.664	15920248.7670001	0.344849
784.010577201843	250002955.75	20000000.444	15918207.698	0.350342
785.008979082108	250002955.74975	20000000.2029999	15938792.319	0.347901
786.02298116684	250002955.74975	20000002.1570001	15913849.7920001	0.348511
787.02138209343	250002955.75075	19999998.3349999	15919257.0419999	0.347901
788.019784212112	250002955.74975	19999999.445	15894429.529	0.34668
789.018186092377	250002955.7505	20000002.054	15931696.1799999	0.347901
790.01658821106	250002955.7495	19999999.8629999	15917097.381	0.344238
791.01498913765	250002955.74975	19999999.657	15894281.6409999	0.344238
792.013391017914	250002955.7505	20000001.026	15927714.312	0.34729
793.011793136597	250002955.7495	20000000.077	15910880.857	0.34668
794.010195016861	250002955.7495	19999999.667	15902749.454	0.350952
795.00859618187	250002955.75025	19999999.662	15920948.9400001	0.346069
796.022598028183	250002955.74975	20000000.921	15932034.1949999	0.350952
797.021000146866	250002955.75125	19999999.16	15920679.694	0.349121
798.01940202713	250002955.74925	20000000.266	15938715.151	0.349121
799.017804145813	250002955.74975	19999999.387	15925879.393	0.343628
800.016205072403	250002955.75125	20000000.127	15921510.8049999	0.343018
801.014607191086	250002955.749	20000000.401	15919015.871	0.34668
802.01300907135	250002955.75025	20000000.819	15905083.439	0.349732
803.011411190033	250002955.74925	19999999.304	15884736.779	0.350342
804.009812116623	250002955.751	20000001.37	15894144.2529999	0.349121
805.008213996887	250002955.749	20000000.45	15894283.299	0.349732
806.022216081619	250002955.74975	20000001.806	15899335.595	0.349732
807.020618200302	250002955.75	19999999.787	15882239.767	0.349732
808.019019126892	250002955.75025	19999999.7880001	15900476.78	0.346069
809.017421007156	250002955.75025	20000000.802	15894510.223	0.34668
810.015823125839	250002955.75025	19999999.787	15884377.154	0.34729
811.014225006104	250002955.75075	19999999.581	15880110.002	0.341797
812.012626171112	250002955.74925	20000002.308	15878582.474	0.350342
813.011028051376	250002955.75025	20000000.347	15904021.452	0.348511
814.009430170059	250002955.75025	19999999.857	15915074.738	0.34668
815.023432016373	250002955.7495	20000000.131	15903466.781	0.350952
816.021833181381	250002955.75	20000000.994	15892014.204	0.345459
817.020235061646	250002955.74925	19999999.6810001	15879989.985	0.350342
818.018637180328	250002955.75125	19999999.4439999	15877969.804	0.34668
819.017039060593	250002955.7495	20000000.648	15859155.86	0.344849
820.015440225601	250002955.74975	20000000.143	15877314.299	0.34729
821.013842105865	250002955.751	19999999.312	15877853.165	0.349121
822.012244224548	250002955.7495	20000000.842	15877661.718	0.347901
823.010646104813	250002955.74975	20000000.57	15893464.735	0.342407
824.009047031403	250002955.7495	20000001.518	15890184.049	0.347901
825.023049116135	250002955.7505	20000000.1939999	15879719.248	0.349121
826.021450996399	250002955.75025	19999999.404	15876460.269	0.351563
827.019853115082	250002955.7505	19999999.571	15872058.133	0.350952
828.018254041672	250002955.74925	20000002.5270001	15874452.032	0.346069
829.016656160355	250002955.75	19999999.7509999	15902830.038	0.344849
830.015058040619	250002955.75025	20000002.327	15898186.2259999	0.349121
831.013460159302	250002955.75	19999999.719	15905836.802	0.352173
832.011861085892	250002955.75025	19999999.786	15897902.141	0.344849
833.010263204575	250002955.749	20000001.584	15893173.593	0.345459
834.008665084839	250002955.7505	20000000.294	15885921.36	0.350952
835.022667169571	250002955.74975	20000000.454	15860829.435	0.347901
836.021069049835	250002955.7505	19999999.244	15883933.022	0.34729
837.019470214844	250002955.7495	20000000.9760001	15875300.793	0.34668
838.017872095108	250002955.7505	19999999.712	15876263.914	0.347901
839.016274213791	250002955.75	19999999.7279999	15864314.62	0.347901
840.014676094055	250002955.74975	19999999.7080001	15863666.949	0.347901
841.013077020645	250002955.75	19999999.551	15861772.769	0.345459
842.011479139328	250002955.74975	20000000.803	15874745.107	0.348511
843.009881019592	250002955.74975	20000000.561	15861757.936	0.350342
844.023883104324	250002955.7505	19999998.984	15885948.441	0.348511
845.022284030914	250002955.74975	20000000.66	15876011.4069999	0.343018
846.020686149597	250002955.7495	19999999.185	15892748.498	0.350342
847.019088029861	250002955.75075	20000001.798	15884962.08	0.349732
848.017490148544	250002955.75025	19999999.156	15879139.773	0.348511
849.015891075134	250002955.75	20000001.197	15875296.073	0.350952
850.014293193817	250002955.75025	19999999.427	15875326.011	0.345459
851.012695074081	250002955.75025	20000000.224	15883179.916	0.348511
852.011097192764	250002955.74975	20000000.481	15884748.7919999	0.345459
853.009498119354	250002955.7495	20000001.346	15874054.391	0.347901
854.023500204086	250002955.74975	20000000.14	15876001.2180001	0.349121
855.021902084351	250002955.74975	20000000.472	15867018.1839999	0.34668
856.020304203033	250002955.75075	19999999.734	15860648.6110001	0.346069
857.018705129623	250002955.75	20000000.529	15894001.068	0.34668
858.017107009888	250002955.75025	20000000.287	15888004.2520001	0.34729
859.015509128571	250002955.7495	19999999.987	15881131.3629999	0.350342
860.013911008835	250002955.75	20000001.871	15890481.4250001	0.345459
861.012312173843	250002955.75025	19999998.604	15872426.8579999	0.344849
862.010714054108	250002955.75	20000000.511	15887117.326	0.349121
863.009116172791	250002955.74975	19999999.811	15884762.0450001	0.350342
864.023118019104	250002955.74975	20000000.059	15908856.87	0.347901
865.021519184113	250002955.75025	19999999.161	15896429.914	0.350952
866.019921064377	250002955.75025	19999999.867	15894238.6129999	0.349121
867.01832318306	250002955.74975	20000002.367	15890634.243	0.348511
868.016725063324	250002955.7495	20000000.9540001	15893367.377	0.34729
869.015125989914	250002955.75	20000000.244	15872436.919	0.345459
870.013528108597	250002955.75025	20000001.332	15879146.147	0.347901
871.01193022728	250002955.75	19999999.375	15904574.1650001	0.348511
872.010332107544	250002955.751	20000000.507	15902919.262	0.344238
873.024334192276	250002955.75025	19999998.4580001	15897048.386	0.345459
874.022735118866	250002955.7485	20000000.26	15887298.317	0.347901
875.02113699913	250002955.75075	20000001.5499999	15891825.682	0.34729
876.019539117813	250002955.74975	20000000.33	15894676.758	0.34729
877.017940998077	250002955.7495	20000001.686	15900247.628	0.349732
878.016342163086	250002955.75075	20000001.904	15897563.082	0.34729
879.01474404335	250002955.74975	20000001.1279999	15893345.627	0.347901
880.013146162033	250002955.7495	20000000.4380001	15897578.077	0.342407
881.011548042297	250002955.75075	19999999.856	15904769.304	0.345459
882.009949207306	250002955.74925	20000001.354	15897446.541	0.34729
883.023951053619	250002955.75025	20000000.381	15897548.462	0.34668
884.022353172302	250002955.75	20000001.821	15904982.267	0.346069
885.020755052567	250002955.75	20000000.6720001	15894407.353	0.346069
886.019156217575	250002955.75	20000000.902	15905764.639	0.347901
887.017558097839	250002955.75025	20000000.2690001	15909013.111	0.346069
888.015960216522	250002955.7495	19999999.535	15919981.677	0.349121
889.014362096787	250002955.7505	19999999.645	15907823.072	0.346069
890.012763023376	250002955.7495	20000002.306	15902850.254	0.34729
891.011165142059	250002955.7505	20000000.956	15905313.984	0.345459
892.009567022324	250002955.74975	20000000.7830001	15915659.045	0.34668
893.023569107056	250002955.7505	20000000.599	15913931.224	0.34668
894.021970033646	250002955.74975	20000000.1539999	15919949.725	0.344238
895.020372152328	250002955.75	19999999.7970001	15909091.615	0.352173
896.018774032593	250002955.75	20000000.822	15919024.546	0.349732
897.017176151276	250002955.75025	20000000.719	15930282.795	0.347901
898.015577077866	250002955.74975	20000000.2359999	15933807.811	0.349732
899.013979196548	250002955.74975	20000001.782	15922777.188	0.347901
900.012381076813	250002955.7505	20000000.66	15924416.581	0.349121
901.010783195496	250002955.74975	19999999.225	15917378.515	0.349732
902.024784088135	250002955.75025	20000001.189	15921945.806	0.34729
903.023186206818	250002955.74975	19999999.614	15933036.639	0.343628
904.021588087082	250002955.75	20000000.567	15936461.48	0.344238
905.019990205765	250002955.75025	20000000.115	15918273.882	0.34668
906.018391132355	250002955.7495	19999999.138	15937890.61	0.348511
907.016793012619	250002955.7505	20000000.01	15956855.8990001	0.349732
908.015195131302	250002955.74925	20000000.785	15944601.372	0.344849
909.013597011566	250002955.751	19999999.148	15928216.386	0.346069
910.011998176575	250002955.74925	20000000.505	15926145.232	0.34729
911.010400056839	250002955.75025	20000000.025	15925505.3679999	0.350952
912.024402141571	250002955.75025	20000000.314	15923435.348	0.346069
913.022804021835	250002955.74925	20000001.023	15929925.313	0.34668
914.021206140518	250002955.751	20000000.024	15908200.511	0.343628
915.019607067108	250002955.75	20000000.595	15917632.2590001	0.34729
916.018009185791	250002955.7495	20000001.476	15934118.961	0.344238
917.016411066055	250002955.75025	20000000.119	15935366.316	0.344849
918.014813184738	250002955.74925	20000001.462	15938766.948	0.346069
919.013214111328	250002955.7505	19999999.055	15939693.2310001	0.352173
920.011615991592	250002955.74975	20000002.248	15945970.17	0.34729
921.010018110275	250002955.75	19999999.739	15925753.24	0.350952
922.024020195007	250002955.751	19999999.838	15923460.369	0.343628
923.022421121597	250002955.74975	20000000.375	15927104.7930001	0.34729
924.020823001862	250002955.7495	19999999.83	15924338.5439999	0.349121
925.019225120544	250002955.7505	20000000.658	15917336.5860001	0.34729
926.017627000809	250002955.74925	20000000.617	15903030.2839999	0.348511
927.016028165817	250002955.7495	20000001.0370001	15908044.275	0.350342
928.014430046082	250002955.7505	20000004.2759999	15921855.0880001	0.347901
929.012832164764	250002955.75025	20000000.924	15904885.515	0.351563
930.011234045029	250002955.7505	19999999.414	15902072.176	0.34668
931.009635210037	250002955.75025	20000001.0139999	15886710.1009999	0.340576
932.023637056351	250002955.7495	20000000.283	15890783.5350001	0.351563
933.022039175034	250002955.75	20000001.0400001	15893963.9319999	0.349732
934.020441055298	250002955.74975	19999999.655	15912524.9840001	0.351563
935.018842220306	250002955.7505	20000000.668	15895355.2709999	0.34729
936.017244100571	250002955.75025	19999999.763	15904691.1140001	0.344849
937.015646219254	250002955.74975	20000001.472	15905811.9759999	0.344238
938.014048099518	250002955.74975	19999999.892	15894314.3790001	0.346069
939.012449026108	250002955.75025	20000000.158	15896712.5769999	0.34729
940.010851144791	250002955.7495	19999999.26	15882685.154	0.349121
941.024852991104	250002955.75025	20000001.1730001	15889510.246	0.345459
942.023255109787	250002955.75	20000001.775	15884353.684	0.346069
943.021656036377	250002955.75025	19999999.931	15896337.796	0.34668
944.02005815506	250002955.74925	19999999.902	15897526.668	0.34668
945.018460035324	250002955.75	19999999.465	15890075.852	0.351563
946.016862154007	250002955.75	20000001.293	15891999.513	0.34668
947.015263080597	250002955.7505	20000001.903	15842306.219	0.346069
948.01366519928	250002955.75025	20000000.789	15810719.73	0.349121
949.012067079544	250002955.74925	19999998.994	15813943.656	0.34668
950.010469198227	250002955.75025	20000001.1720001	15860428.206	0.350342
951.02447104454	250002955.75	20000000.267	15864387.3	0.348511
952.022872209549	250002955.74975	19999999.325	15873566.078	0.34729
953.021274089813	250002955.7505	19999999.814	15868867.24	0.347901
954.019676208496	250002955.74975	19999999.818	15864670.261	0.344849
955.01807808876	250002955.75025	19999999.717	15879441.634	0.349732
956.01647901535	250002955.74975	19999999.804	15866851.737	0.350952
957.014881134033	250002955.74975	20000001.089	15864025.528	0.349732
958.013283014297	250002955.7505	20000001.923	15883109.651	0.346069
959.01168513298	250002955.75	19999999.815	15880357.597	0.350342
960.01008605957	250002955.74875	20000001.389	15891725.352	0.34668
961.024088144302	250002955.7515	19999999.996	15871258.042	0.350952
962.022490024567	250002955.749	20000000.626	15874220.475	0.349121
963.02089214325	250002955.7505	19999999.105	15864045.42	0.343628
964.019293069839	250002955.75	19999999.704	15877297.036	0.350342
965.017695188522	250002955.75	20000000.635	15867641.037	0.346069
966.016097068787	250002955.75025	19999999.005	15873483.493	0.348511
967.014499187469	250002955.74975	20000001.9529999	15869543.843	0.350952
968.012900114059	250002955.75025	19999999.814	15875845.835	0.351563
969.011301994324	250002955.7495	19999999.92	15867512.785	0.344849
970.025304079056	250002955.75025	20000001.752	15852367.6569999	0.34729
971.023706197739	250002955.74975	20000000.633	15866941.627	0.346069
972.022107124329	250002955.75	20000000.252	15856384.307	0.348511
973.020509004593	250002955.7505	20000000.125	33391244.663	0.349121
974.018911123276	250002955.75	19999999.651	36473027.676	0.336304
975.01731300354	250002955.7495	20000002.508	37533362.286	0.368652
976.015714168549	250002955.75025	20000000.087	35527946.113	0.334473
977.014116048813	250002955.7505	20000000.283	35570239.452	0.321655
978.012518167496	250002955.75	20000001.378	35444995.0779999	0.321045
979.01092004776	250002955.7495	19999998.012	35434930.008	0.383301
980.024921178818	250002955.75025	20000000.528	35349594.767	0.317383
981.023323059082	250002955.74975	19999999.646	35222357.835	0.314331
982.021725177765	250002955.75025	20000000.7129999	36243055.14	0.349732
983.020127058029	250002955.75	20000001.8640001	36229130.267	0.326538
984.018528223038	250002955.75	19999999.217	37070643.9530001	0.323486
985.016930103302	250002955.74975	19999999.93	43519582.109	0.356445
986.015332221985	250002955.7505	19999999.331	33624748.673	0.39978
987.013734102249	250002955.75	20000001.268	18728059.778	0.349121
988.012135028839	250002955.74925	20000000.5270001	15779262.778	0.344238
989.010537147522	250002955.75025	20000001.303	15798889.819	0.34729
990.024538993835	250002955.75025	19999998.934	15825299.492	0.349121
991.022941112518	250002955.7505	20000001.6079999	15855545.637	0.346069
992.021342992783	250002955.749	20000000.095	15835426.405	0.34729
993.019744157791	250002955.7505	20000000.156	15850725.287	0.344238
994.018146038055	250002955.75025	20000000.094	15841316.56	0.34668
995.016548156738	250002955.75	20000001.997	15849306.758	0.351563
996.014950037003	250002955.74925	20000001.7900001	15841225.563	0.352173
997.013351202011	250002955.74975	19999998.8859999	15858886.418	0.349732
998.011753082275	250002955.7505	20000001.123	15863628.444	0.34668
999.025755167007	250002955.75025	20000001.066	15853414.573	0.349121
1000.02415704727	250002955.75025	19999999.3280001	15852830.547	0.350342
1001.02255821228	250002955.7495	20000001.0599999	15851713.348	0.345459
1002.02096009254	250002955.7505	19999999.482	15863330.987	0.348511
1003.02176213264	250002955.74925	20000000.013	15870390.381	0.347901
1004.02216720581	250002955.7505	19999999.9500001	15871195.371	0.344238
1005.02056908607	250002955.7495	19999999.194	15884136.443	0.346069
1006.01897120476	250002955.751	20000000.53	15865781.113	0.347901
1007.01737213135	250002955.749	20000000.133	15876208.372	0.348511
1008.01577401161	250002955.75	20000000.468	15877978.461	0.347901
1009.01417613029	250002955.74975	20000001.024	15869514.007	0.348511
1010.01257801056	250002955.7505	20000000.577	15869550.29	0.350952
1011.01097917557	250002955.75025	20000000.118	15853919.058	0.343628
1012.02498102188	250002955.74975	20000000.784	15860604.213	0.346069
1013.02338314056	250002955.7505	19999999.287	15864423.5	0.352173
1014.02178502083	250002955.7495	20000002.5	15874029.054	0.347901
1015.02538609505	250002955.75	19999999.548	15869644.677	0.348511
1016.01298809052	250002955.75	20000000.59	15855256.468	0.349732
1017.0113902092	250002955.75025	19999999.954	15879580.19	0.345459
1018.02539205551	250002955.7495	20000000.989	15870636.835	0.349121
1019.02379322052	250002955.75025	19999998.984	15869681.437	0.344849
1020.01779508591	250002955.75025	20000000.53	15854828.4669999	0.346069
1021.01939606667	250002955.75025	19999999.09	15859169.268	0.349732
1022.01779818535	250002955.75	20000000.614	15866575.924	0.347901
1023.01620006561	250002955.7495	20000000.238	15861693.164	0.349732
1024.0146021843	250002955.74975	20000000.399	15867171.727	0.349121
1025.01300406456	250002955.75075	19999999.069	15846713.6	0.346069
1026.01140499115	250002955.74975	20000000.226	15852478.33	0.349732
1027.02540707588	250002955.75	19999999.68	15856144.844	0.34729
1028.02380919456	250002955.74925	20000000.103	15863683.778	0.348511
1029.02221107483	250002955.75075	20000001.134	15857959.6489999	0.347901
1030.02061200142	250002955.7495	19999998.45	15876719.227	0.352173
1031.0190141201	250002955.75	20000000.8940001	15866563.936	0.345459
1032.01741600037	250002955.7495	20000000.211	15870916.1910001	0.346069
1033.01581811905	250002955.751	20000000.149	15864072.7349999	0.349121
1034.01421904564	250002955.75	20000000.365	15871427.1500001	0.349732
1035.01262116432	250002955.75	19999999.472	15883393.202	0.349732
1036.01102304459	250002955.7505	20000000.903	15886526.6379999	0.345459
1037.02502512932	250002955.749	20000000.135	15874042.0880001	0.353394
1038.02342605591	250002955.7505	20000000.341	15886222.507	0.346069
1039.02182817459	250002955.75	20000001.1619999	15872134.303	0.347901
1040.02023005486	250002955.75025	20000000.4080001	15875995.1090001	0.34668
1041.01863217354	250002955.74975	20000000.392	15882952.29	0.345459
1042.01703310013	250002955.75025	20000001.161	15892300.169	0.343628
1043.01543521881	250002955.7495	19999998.875	15901305.285	0.344238
1044.01383709908	250002955.7495	20000001.2559999	15884951.7640001	0.34729
1045.01223921776	250002955.75025	20000000.0580001	15883457.0469999	0.34668
1046.0262401104	250002955.7505	19999999.36	15878637.427	0.34668
1047.02464199066	250002955.74975	20000000.3479999	15897354.758	0.345459
1048.02304410934	250002955.74975	20000001.191	15895369.1569999	0.354614
1049.02144598961	250002955.75025	20000001.4350001	15887736.879	0.346069
1050.01984715462	250002955.75	19999999.8069999	15900668.8380001	0.34729
1051.01824903488	250002955.75	19999999.6960001	15882571.22	0.34668
1052.01665115356	250002955.74925	19999999.377	15908851.6339999	0.349121
1053.01505303383	250002955.7515	20000000.915	15894254.156	0.34668
1054.01345419884	250002955.7495	20000000.9	15892743.495	0.34668
1055.0118560791	250002955.74975	19999998.712	15893523.901	0.350952
1056.02585816383	250002955.7495	19999999.615	15902459.793	0.349121
1057.0242600441	250002955.7505	20000001.021	15891712.368	0.347901
1058.02266120911	250002955.75025	20000000.527	15912169.178	0.346069
1059.02106308937	250002955.74925	20000000.324	15886937.166	0.34729
1060.01946520805	250002955.7505	20000001.112	15886465.693	0.353394
1061.01786708832	250002955.75	19999999.897	15891153.743	0.34668
1062.016269207	250002955.75	20000000.538	15890811.659	0.343628
1063.01467013359	250002955.75	19999999.992	15891716.457	0.344238
1064.01307201385	250002955.751	20000000.227	15877651.765	0.347901
1065.01147413254	250002955.74975	20000001.806	15911614.21	0.347901
1066.02547621727	250002955.7495	19999999.429	15891713.049	0.346069
1067.02387714386	250002955.74975	19999999.631	15880591.516	0.347901
1068.02227902412	250002955.74975	19999999.874	15888415.23	0.345459
1069.02068114281	250002955.75	20000002.032	15878911.947	0.346069
1070.01908302307	250002955.75075	19999999.354	15872911.172	0.348511
1071.01748418808	250002955.74925	19999999.949	15876313.137	0.344238
1072.01588606834	250002955.75075	20000001.986	15893500.976	0.346069
1073.01428818703	250002955.74925	19999999.78	15890654.03	0.343628
1074.01269006729	250002955.7505	20000001.347	15864849.596	0.350952
1075.02669119835	250002955.7505	19999999.73	15856850.6	0.346069
1076.02509307861	250002955.74975	20000000.665	15864993.317	0.34668
1077.0234951973	250002955.74975	20000000.191	15877921.998	0.349121
1078.02189707756	250002955.75	20000000.402	15875046.482	0.34729
1079.02029800415	250002955.7495	20000000.002	15880284.307	0.34668
1080.01870012283	250002955.7505	19999999.9400001	15885039.731	0.345459
1081.0171020031	250002955.7505	19999999.262	15856277.544	0.343628
1082.01550412178	250002955.7495	20000001.532	15860328.921	0.349732
1083.01390504837	250002955.75	19999998.424	15873943.416	0.352783
1084.01230716705	250002955.74925	20000001.358	15883634.525	0.346069
1085.02630901337	250002955.75125	20000001.99	15863792.279	0.347901
1086.02471113205	250002955.7495	20000000.119	15868141.196	0.344849
1087.02311205864	250002955.7495	20000000.404	15877367.001	0.352783
1088.02151417732	250002955.75075	20000000.457	15880583.726	0.34729
1089.01991605759	250002955.7495	20000001.804	15864253.144	0.34729
1090.01831817627	250002955.75025	19999998.6969999	15852794.6030001	0.346069
1091.01671910286	250002955.75025	20000000.9610001	15871724.148	0.349121
1092.01512122154	250002955.749	19999999.54	15859001.6129999	0.34668
1093.01352310181	250002955.751	20000001.1	15863918.926	0.347901
1094.01192522049	250002955.7495	20000000.226	15883925.4350001	0.347901
1095.02592611313	250002955.75	19999999.358	15861690.477	0.341797
1096.02432799339	250002955.74975	19999999.267	15856353.334	0.34668
1097.02273011208	250002955.75075	19999999.405	15869156.309	0.344238
1098.02113199234	250002955.75025	20000002.0880001	15853898.066	0.344238
1099.01953315735	250002955.74925	19999999.234	15865780.61	0.349732
1100.01793503761	250002955.75	20000001.094	15864264.295	0.349732
1101.0163371563	250002955.75	20000000.768	15882670.428	0.349121
1102.01473903656	250002955.75025	19999999.3560001	15858229.117	0.342407
1103.01314115524	250002955.7495	20000000.956	15859149.2540001	0.34668
1104.02714204788	250002955.75025	19999998.756	15859727.135	0.34668
1105.02554416656	250002955.75075	20000000.5769999	15863644.083	0.345459
1106.02394604683	250002955.749	20000001.2360001	15875994.932	0.352783
1107.02234816551	250002955.7505	20000000.71	15863026.227	0.347901
1108.0207490921	250002955.74925	19999998.484	15868978.225	0.346069
1109.01915121078	250002955.75075	20000001.086	15855652.654	0.34729
1110.01755309105	250002955.7495	19999999.7640001	15864737.12	0.34668
1111.01595520973	250002955.7505	20000000.0139999	15857598.5309999	0.343628
1112.01435613632	250002955.75025	20000000.4730001	15873090.7700001	0.345459
1113.01275801659	250002955.75025	19999998.329	15861696.5649999	0.346069
1114.02676010132	250002955.74975	20000002.101	15866372.629	0.345459
1115.02516222	250002955.7495	20000000.246	15855599.9640001	0.347901
1116.02356314659	250002955.7505	19999998.743	15860331.02	0.34729
1117.02196502686	250002955.74925	20000001.202	15871205.3659999	0.344849
1118.02036714554	250002955.75075	20000001.309	15860117.544	0.346069
1119.0187690258	250002955.75	20000000.029	15871903.904	0.346069
1120.01717019081	250002955.74925	19999999.268	15882036.5029999	0.350342
1121.01557207108	250002955.75025	19999999.624	15852556.7280001	0.347901
1122.01397418976	250002955.7495	20000000.719	15866833.897	0.344849
1123.01237607002	250002955.75025	20000001.169	15871052.6930001	0.34729
1124.02637720108	250002955.7505	19999999.83	15880657.216	0.344849
1125.02477908134	250002955.75	19999999.228	15867400.01	0.345459
1126.02318120003	250002955.74975	20000000.433	15860941.059	0.348511
1127.02158308029	250002955.75025	20000000.295	15866807.3	0.349121
1128.01998400688	250002955.75	20000000.062	15875181.16	0.349121
1129.01838612556	250002955.74975	20000000.687	15866303.43	0.344849
1130.01678800583	250002955.75	19999999.761	15901505.676	0.351563
1131.01519012451	250002955.74975	20000000.086	15871731.17	0.350952
1132.0135910511	250002955.75075	20000001.387	15881317.231	0.34668
1133.01199316978	250002955.7495	20000000.223	15886626.172	0.342407
1134.0259950161	250002955.75	20000001.118	15878083.256	0.352173
1135.02439713478	250002955.7505	19999999.64	15882195.535	0.34729
1136.02279806137	250002955.74925	19999999.664	15877180.343	0.352173
1137.02120018005	250002955.751	20000000.084	15877447.431	0.345459
1138.01960206032	250002955.74925	19999999.486	15866880.856	0.348511
1139.018004179	250002955.74975	19999999.909	15870429.283	0.346069
1140.01640605927	250002955.75025	20000001.321	15882986.542	0.349732
1141.01480722427	250002955.75	19999999.505	15874683.046	0.344238
1142.01320910454	250002955.75	19999999.549	15890953.719	0.344238
1143.02721118927	250002955.7505	20000000.288	15891348.07	0.34729
1144.02561306953	250002955.749	20000000.375	15872712.647	0.347901
1145.02401399612	250002955.7505	20000000.301	15875573.7029999	0.350342
1146.02241611481	250002955.75075	19999999.699	15864439.992	0.345459
1147.02081799507	250002955.749	19999999.576	15897358.907	0.34729
1148.01922011375	250002955.7505	20000000.33	15888643.962	0.34729
1149.01762104034	250002955.7505	20000000.046	15878222.387	0.344849
1150.01602315903	250002955.75	20000001.12	15867765.042	0.350952
1151.01442503929	250002955.74975	20000001.658	15889898.656	0.344849
1152.01282715797	250002955.749	19999998.4730001	15866566.01	0.346069
1153.02682805061	250002955.75075	20000001.364	15867963.742	0.348511
1154.0252301693	250002955.75	20000000.1899999	15871191.243	0.347901
1155.02363204956	250002955.75	19999999.633	15866598.549	0.347901
1156.02203416824	250002955.7495	19999999.6370001	15871293.978	0.34729
1157.02043509483	250002955.75075	20000001.382	15875940.275	0.346069
1158.01883721352	250002955.7495	19999999.525	15859193.424	0.345459
1159.01723909378	250002955.7495	20000000.128	15864485.7740001	0.343628
1160.01564121246	250002955.7505	19999999.028	15884477.317	0.345459
1161.01404213905	250002955.75	20000001.276	15877048.058	0.349121
1162.01244401932	250002955.74975	20000000.836	15863270.271	0.34668
